5.305000 0.000000 0.000000
-2.652500 4.594265 0.000000
0.000000 0.000000 4.242000
0.000000 -1.000000 0.000000
1.000000 0.000000 0.000000
0.000000 -0.000000 4.000000
0.833300 -0.333300 0.250000 Ir
0.833300 -0.333300 1.250000 Ir
0.833300 -0.333300 2.250000 Ir
0.833300 -0.333300 3.250000 Ru
0.833300 -0.833300 0.250000 Ru
0.833300 -0.833300 1.250000 Ru
0.833300 -0.833300 2.250000 Ir
0.833300 -0.833300 3.250000 Ru
0.333300 -0.833300 0.250000 Ru
0.333300 -0.833300 1.250000 Ir
0.333300 -0.833300 2.250000 Ir
0.333300 -0.833300 3.250000 Ir
0.166700 -0.166700 0.750000 Ir
0.166700 -0.166700 1.750000 Ru
0.166700 -0.166700 2.750000 Ru
0.166700 -0.166700 3.750000 Ru
0.166700 -0.666700 0.750000 Ru
0.166700 -0.666700 1.750000 Ir
0.166700 -0.666700 2.750000 Ru
0.166700 -0.666700 3.750000 Ru
0.666700 -0.166700 0.750000 Ir
0.666700 -0.166700 1.750000 Ir
0.666700 -0.166700 2.750000 Ru
0.666700 -0.166700 3.750000 Ir
0.333300 -0.333300 0.250000 Ir
0.333300 -0.333300 1.250000 Ir
0.333300 -0.333300 2.250000 Ir
0.333300 -0.333300 3.250000 Ir
0.666700 -0.666700 0.750000 Ir
0.666700 -0.666700 1.750000 Ir
0.666700 -0.666700 2.750000 Ir
0.666700 -0.666700 3.750000 Ir
