-.39804560E+03
-.39801435E+03
-.39795735E+03
-.39787184E+03
-.39775932E+03
-.39762005E+03
-.39745935E+03
-.39727928E+03
-.39708533E+03
-.39687872E+03
-.39666644E+03
-.39645395E+03
-.39624660E+03
-.39604911E+03
-.39586726E+03
-.39570558E+03
-.39556536E+03
-.39545048E+03
-.39536246E+03
-.39529979E+03
-.39526317E+03
-.39525030E+03
-.39525724E+03
-.39528124E+03
-.39531593E+03
-.39536005E+03
-.39540837E+03
-.39545896E+03
-.39550529E+03
-.39554243E+03
-.39556685E+03
-.39557530E+03
-.39556757E+03
-.39554169E+03
-.39549535E+03
-.39542705E+03
-.39533686E+03
-.39522769E+03
-.39510189E+03
-.39496640E+03
-.39482317E+03
-.39468289E+03
-.39454508E+03
-.39441709E+03
-.39430250E+03
-.39420087E+03
-.39411776E+03
-.39405690E+03
-.39401752E+03
-.39400167E+03
-.39401108E+03
-.39404433E+03
-.39409975E+03
-.39417580E+03
-.39427434E+03
-.39439220E+03
-.39453022E+03
-.39468790E+03
-.39486026E+03
-.39504605E+03
-.39524473E+03
-.39545391E+03
-.39567317E+03
-.39589870E+03
-.39612519E+03
-.39634870E+03
-.39656621E+03
-.39677228E+03
-.39696363E+03
-.39713502E+03
-.39728330E+03
-.39740808E+03
-.39750797E+03
-.39758277E+03
-.39763025E+03
-.39764928E+03
-.39764423E+03
-.39761800E+03
-.39757016E+03
-.39750658E+03
-.39742890E+03
-.39734035E+03
-.39724487E+03
-.39714942E+03
-.39705424E+03
-.39696139E+03
-.39687864E+03
-.39680871E+03
-.39675229E+03
-.39671119E+03
-.39668788E+03
-.39668091E+03
-.39668704E+03
-.39670722E+03
-.39674061E+03
-.39678935E+03
-.39685133E+03
-.39692548E+03
-.39700855E+03
-.39709475E+03
-.39718516E+03
-.39727610E+03
-.39736542E+03
-.39745034E+03
-.39752880E+03
-.39759746E+03
-.39765368E+03
-.39769456E+03
-.39772073E+03
-.39772547E+03
-.39771501E+03
-.39768880E+03
-.39764352E+03
-.39757741E+03
-.39749327E+03
-.39739040E+03
-.39726890E+03
-.39713210E+03
-.39698148E+03
-.39682564E+03
-.39666377E+03
-.39650072E+03
-.39634330E+03
-.39619431E+03
-.39605455E+03
-.39592979E+03
-.39582391E+03
-.39573898E+03
-.39567818E+03
-.39564092E+03
-.39563006E+03
-.39564683E+03
-.39569119E+03
-.39576145E+03
-.39585555E+03
-.39597011E+03
-.39610367E+03
-.39625395E+03
-.39641395E+03
-.39657682E+03
-.39674465E+03
-.39691170E+03
-.39707464E+03
-.39722772E+03
-.39737055E+03
-.39750094E+03
-.39761647E+03
-.39771623E+03
-.39780134E+03
-.39786926E+03
-.39792113E+03
-.39795731E+03
-.39797504E+03
-.39797975E+03
-.39797157E+03
-.39794933E+03
-.39791462E+03
-.39786470E+03
-.39779888E+03
-.39771744E+03
-.39761957E+03
-.39750545E+03
-.39737912E+03
-.39723995E+03
-.39708760E+03
-.39691975E+03
-.39674186E+03
-.39655476E+03
-.39636039E+03
-.39616164E+03
-.39596226E+03
-.39576247E+03
-.39556356E+03
-.39537249E+03
-.39519009E+03
-.39501709E+03
-.39485894E+03
-.39471660E+03
-.39459492E+03
-.39449784E+03
-.39442818E+03
-.39438963E+03
-.39438063E+03
-.39440350E+03
-.39445628E+03
-.39453714E+03
-.39464410E+03
-.39477498E+03
-.39492613E+03
-.39509672E+03
-.39528207E+03
-.39547857E+03
-.39568013E+03
-.39587818E+03
-.39606640E+03
-.39624370E+03
-.39640936E+03
-.39656260E+03
-.39670560E+03
-.39683891E+03
-.39695511E+03
-.39705562E+03
-.39714246E+03
-.39721629E+03
-.39727606E+03
-.39732461E+03
-.39736538E+03
-.39740251E+03
-.39743350E+03
-.39746114E+03
-.39748602E+03
-.39750810E+03
-.39752405E+03
-.39753577E+03
-.39754652E+03
-.39755905E+03
-.39757129E+03
-.39758369E+03
-.39759562E+03
-.39760992E+03
-.39762859E+03
-.39765352E+03
-.39768323E+03
-.39771851E+03
-.39775911E+03
-.39780657E+03
-.39786071E+03
-.39792058E+03
-.39798450E+03
-.39805300E+03
-.39812734E+03
-.39820679E+03
-.39829098E+03
-.39837571E+03
-.39845819E+03
-.39853921E+03
-.39861557E+03
-.39868758E+03
-.39875230E+03
-.39880772E+03
-.39885094E+03
-.39888469E+03
-.39890969E+03
-.39892784E+03
-.39893786E+03
-.39893845E+03
-.39893035E+03
-.39891359E+03
-.39889189E+03
-.39886626E+03
-.39883050E+03
-.39878630E+03
-.39873508E+03
-.39867783E+03
-.39861393E+03
-.39854357E+03
-.39846863E+03
-.39838719E+03
-.39830414E+03
-.39821800E+03
-.39812781E+03
-.39803915E+03
-.39795483E+03
-.39787981E+03
-.39781453E+03
-.39776406E+03
-.39773239E+03
-.39772037E+03
-.39772985E+03
-.39776431E+03
-.39782159E+03
-.39789914E+03
-.39799541E+03
-.39810748E+03
-.39822923E+03
-.39835731E+03
-.39848635E+03
-.39861427E+03
-.39873596E+03
-.39884993E+03
-.39895591E+03
-.39905457E+03
-.39914892E+03
-.39924052E+03
-.39933031E+03
-.39941961E+03
-.39951108E+03
-.39960872E+03
-.39971375E+03
-.39982861E+03
-.39995385E+03
-.40009004E+03
-.40023819E+03
-.40039724E+03
-.40056355E+03
-.40073451E+03
-.40090567E+03
-.40107244E+03
-.40123536E+03
-.40139015E+03
-.40153405E+03
-.40166414E+03
-.40177825E+03
-.40187409E+03
-.40195581E+03
-.40202385E+03
-.40207749E+03
-.40211888E+03
-.40214964E+03
-.40217148E+03
-.40218616E+03
-.40219789E+03
-.40220719E+03
-.40221267E+03
-.40221530E+03
-.40221858E+03
-.40222064E+03
-.40222291E+03
-.40222507E+03
-.40222333E+03
-.40221406E+03
-.40219502E+03
-.40216345E+03
-.40211684E+03
-.40205476E+03
-.40197354E+03
-.40187244E+03
-.40175382E+03
-.40161601E+03
-.40146114E+03
-.40129258E+03
-.40110907E+03
-.40091506E+03
-.40071661E+03
-.40051551E+03
-.40031749E+03
-.40012387E+03
-.39993684E+03
-.39976111E+03
-.39959520E+03
-.39944158E+03
-.39930371E+03
-.39918320E+03
-.39908196E+03
-.39899693E+03
-.39892679E+03
-.39886693E+03
-.39881679E+03
-.39877829E+03
-.39874521E+03
-.39871564E+03
-.39868654E+03
-.39865562E+03
-.39862010E+03
-.39858202E+03
-.39854227E+03
-.39849904E+03
-.39845276E+03
-.39840220E+03
-.39835021E+03
-.39829686E+03
-.39824074E+03
-.39818051E+03
-.39811279E+03
-.39803171E+03
-.39793680E+03
-.39782632E+03
-.39769233E+03
-.39753507E+03
-.39735466E+03
-.39714484E+03
-.39690642E+03
-.39664094E+03
-.39634925E+03
-.39603880E+03
-.39571116E+03
-.39537068E+03
-.39502555E+03
-.39468185E+03
-.39434871E+03
-.39403367E+03
-.39374547E+03
-.39348621E+03
-.39326204E+03
-.39307796E+03
-.39293561E+03
-.39283563E+03
-.39277630E+03
-.39275451E+03
-.39276662E+03
-.39280651E+03
-.39286906E+03
-.39294972E+03
-.39304427E+03
-.39314617E+03
-.39325083E+03
-.39335358E+03
-.39345359E+03
-.39355002E+03
-.39364111E+03
-.39372903E+03
-.39381386E+03
-.39389889E+03
-.39398416E+03
-.39407326E+03
-.39416546E+03
-.39426472E+03
-.39437025E+03
-.39448174E+03
-.39460224E+03
-.39473058E+03
-.39486397E+03
-.39500346E+03
-.39514919E+03
-.39530437E+03
-.39546118E+03
-.39561656E+03
-.39576844E+03
-.39591565E+03
-.39605992E+03
-.39619908E+03
-.39633277E+03
-.39645935E+03
-.39657772E+03
-.39668466E+03
-.39678361E+03
-.39687884E+03
-.39696814E+03
-.39705577E+03
-.39714548E+03
-.39723983E+03
-.39734006E+03
-.39744520E+03
-.39755769E+03
-.39767925E+03
-.39781058E+03
-.39795413E+03
-.39811133E+03
-.39828087E+03
-.39846290E+03
-.39865532E+03
-.39885716E+03
-.39906596E+03
-.39927988E+03
-.39949545E+03
-.39970987E+03
-.39991739E+03
-.40011691E+03
-.40030779E+03
-.40048408E+03
-.40064054E+03
-.40077532E+03
-.40088564E+03
-.40096717E+03
-.40102173E+03
-.40104733E+03
-.40104343E+03
-.40100699E+03
-.40094050E+03
-.40084853E+03
-.40073217E+03
-.40059222E+03
-.40043077E+03
-.40024940E+03
-.40005111E+03
-.39984068E+03
-.39962521E+03
-.39940746E+03
-.39918989E+03
-.39897759E+03
-.39877388E+03
-.39858114E+03
-.39840315E+03
-.39824369E+03
-.39810527E+03
-.39798773E+03
-.39789189E+03
-.39782175E+03
-.39777650E+03
-.39775967E+03
-.39776856E+03
-.39780254E+03
-.39786213E+03
-.39794549E+03
-.39804818E+03
-.39816771E+03
-.39829725E+03
-.39843502E+03
-.39857594E+03
-.39871305E+03
-.39884286E+03
-.39896124E+03
-.39906512E+03
-.39915202E+03
-.39922600E+03
-.39928579E+03
-.39932600E+03
-.39934434E+03
-.39934756E+03
-.39933902E+03
-.39932215E+03
-.39930232E+03
-.39928533E+03
-.39927069E+03
-.39926172E+03
-.39926176E+03
-.39927174E+03
-.39929363E+03
-.39932910E+03
-.39938203E+03
-.39945115E+03
-.39953674E+03
-.39963648E+03
-.39974768E+03
-.39986408E+03
-.39998630E+03
-.40011568E+03
-.40024931E+03
-.40038346E+03
-.40051374E+03
-.40063535E+03
-.40074594E+03
-.40084384E+03
-.40092871E+03
-.40100023E+03
-.40105619E+03
-.40109632E+03
-.40111871E+03
-.40112635E+03
-.40111917E+03
-.40109996E+03
-.40106985E+03
-.40102866E+03
-.40097765E+03
-.40092012E+03
-.40085658E+03
-.40078879E+03
-.40071677E+03
-.40064155E+03
-.40056744E+03
-.40049239E+03
-.40041977E+03
-.40035010E+03
-.40028040E+03
-.40021239E+03
-.40014880E+03
-.40008992E+03
-.40003476E+03
-.39998234E+03
-.39993162E+03
-.39988349E+03
-.39983353E+03
-.39978262E+03
-.39973157E+03
-.39967983E+03
-.39962320E+03
-.39956234E+03
-.39949541E+03
-.39942097E+03
-.39933992E+03
-.39925305E+03
-.39916012E+03
-.39906303E+03
-.39896433E+03
-.39886520E+03
-.39876840E+03
-.39867643E+03
-.39859048E+03
-.39851036E+03
-.39843691E+03
-.39837001E+03
-.39831100E+03
-.39825639E+03
-.39820572E+03
-.39815767E+03
-.39811094E+03
-.39806452E+03
-.39801504E+03
-.39796642E+03
-.39791815E+03
-.39786789E+03
-.39781657E+03
-.39776501E+03
-.39771485E+03
-.39766546E+03
-.39762020E+03
-.39758152E+03
-.39755023E+03
-.39752463E+03
-.39750305E+03
-.39748585E+03
-.39747222E+03
-.39746476E+03
-.39745937E+03
-.39745308E+03
-.39744481E+03
-.39743362E+03
-.39742164E+03
-.39740229E+03
-.39737106E+03
-.39732796E+03
-.39727157E+03
-.39720035E+03
-.39711410E+03
-.39701426E+03
-.39690172E+03
-.39677323E+03
-.39663084E+03
-.39647628E+03
-.39631172E+03
-.39614019E+03
-.39596694E+03
-.39579474E+03
-.39562904E+03
-.39547326E+03
-.39533071E+03
-.39520350E+03
-.39509389E+03
-.39500623E+03
-.39494197E+03
-.39490131E+03
-.39488571E+03
-.39489324E+03
-.39492444E+03
-.39497999E+03
-.39505632E+03
-.39515168E+03
-.39526244E+03
-.39538471E+03
-.39551725E+03
-.39565827E+03
-.39580311E+03
-.39594870E+03
-.39609227E+03
-.39623137E+03
-.39636759E+03
-.39650446E+03
-.39664150E+03
-.39678253E+03
-.39693192E+03
-.39709277E+03
-.39726126E+03
-.39743758E+03
-.39762028E+03
-.39780507E+03
-.39798489E+03
-.39815523E+03
-.39831549E+03
-.39846268E+03
-.39858977E+03
-.39869714E+03
-.39878213E+03
-.39884578E+03
-.39889106E+03
-.39891938E+03
-.39893202E+03
-.39893065E+03
-.39891933E+03
-.39890152E+03
-.39888366E+03
-.39887215E+03
-.39886791E+03
-.39887457E+03
-.39889243E+03
-.39892047E+03
-.39896097E+03
-.39901078E+03
-.39906971E+03
-.39913546E+03
-.39920948E+03
-.39928513E+03
-.39935940E+03
-.39942876E+03
-.39949068E+03
-.39954339E+03
-.39958507E+03
-.39961426E+03
-.39963021E+03
-.39962940E+03
-.39960834E+03
-.39956595E+03
-.39950070E+03
-.39941125E+03
-.39929678E+03
-.39915725E+03
-.39899013E+03
-.39879381E+03
-.39857255E+03
-.39832958E+03
-.39807114E+03
-.39780010E+03
-.39752367E+03
-.39725040E+03
-.39698655E+03
-.39673335E+03
-.39649743E+03
-.39628690E+03
-.39610666E+03
-.39595949E+03
-.39584779E+03
-.39577033E+03
-.39572809E+03
-.39571740E+03
-.39573305E+03
-.39577239E+03
-.39582722E+03
-.39589120E+03
-.39596089E+03
-.39602960E+03
-.39609228E+03
-.39614154E+03
-.39617111E+03
-.39617579E+03
-.39615807E+03
-.39611930E+03
-.39605985E+03
-.39598482E+03
-.39589673E+03
-.39580150E+03
-.39570576E+03
-.39561444E+03
-.39552951E+03
-.39545554E+03
-.39539773E+03
-.39535720E+03
-.39533677E+03
-.39533474E+03
-.39535174E+03
-.39538656E+03
-.39543383E+03
-.39549357E+03
-.39556045E+03
-.39563182E+03
-.39570505E+03
-.39577666E+03
-.39584668E+03
-.39590996E+03
-.39596358E+03
-.39600622E+03
-.39603658E+03
-.39605360E+03
-.39605489E+03
-.39604206E+03
-.39601438E+03
-.39597469E+03
-.39592534E+03
-.39586914E+03
-.39580877E+03
-.39574962E+03
-.39569480E+03
-.39564742E+03
-.39561339E+03
-.39559550E+03
-.39559506E+03
-.39561303E+03
-.39564912E+03
-.39570501E+03
-.39577649E+03
-.39586524E+03
-.39596916E+03
-.39608102E+03
-.39620092E+03
-.39632592E+03
-.39644946E+03
-.39656584E+03
-.39667725E+03
-.39678278E+03
-.39688325E+03
-.39697622E+03
-.39705742E+03
-.39712849E+03
-.39719073E+03
-.39724486E+03
-.39729084E+03
-.39733111E+03
-.39736622E+03
-.39739481E+03
-.39742149E+03
-.39744145E+03
-.39745499E+03
-.39746067E+03
-.39745876E+03
-.39744795E+03
-.39743239E+03
-.39741055E+03
-.39737990E+03
-.39733607E+03
-.39728121E+03
-.39721556E+03
-.39714095E+03
-.39706039E+03
-.39697702E+03
-.39689777E+03
-.39682625E+03
-.39676636E+03
-.39672161E+03
-.39669747E+03
-.39669677E+03
-.39672239E+03
-.39677608E+03
-.39686014E+03
-.39697377E+03
-.39711501E+03
-.39728337E+03
-.39747174E+03
-.39767746E+03
-.39789488E+03
-.39811435E+03
-.39833167E+03
-.39854039E+03
-.39873571E+03
-.39891068E+03
-.39906193E+03
-.39918640E+03
-.39927976E+03
-.39934195E+03
-.39937188E+03
-.39937039E+03
-.39934170E+03
-.39929058E+03
-.39921530E+03
-.39911929E+03
-.39900726E+03
-.39888315E+03
-.39874808E+03
-.39860885E+03
-.39846867E+03
-.39832949E+03
-.39819486E+03
-.39806889E+03
-.39795285E+03
-.39784796E+03
-.39775852E+03
-.39768492E+03
-.39762531E+03
-.39757835E+03
-.39754369E+03
-.39751974E+03
-.39750373E+03
-.39749549E+03
-.39749153E+03
-.39749023E+03
-.39749072E+03
-.39749293E+03
-.39749078E+03
-.39748553E+03
-.39747703E+03
-.39746808E+03
-.39745633E+03
-.39744464E+03
-.39743582E+03
-.39743162E+03
-.39743085E+03
-.39743382E+03
-.39744049E+03
-.39745163E+03
-.39746611E+03
-.39748344E+03
-.39750236E+03
-.39752085E+03
-.39753583E+03
-.39754844E+03
-.39755750E+03
-.39756242E+03
-.39756173E+03
-.39755466E+03
-.39753956E+03
-.39751618E+03
-.39748389E+03
-.39744192E+03
-.39738672E+03
-.39731658E+03
-.39723255E+03
-.39713452E+03
-.39702090E+03
-.39689064E+03
-.39674402E+03
-.39658127E+03
-.39640283E+03
-.39620996E+03
-.39601160E+03
-.39581088E+03
-.39561240E+03
-.39542139E+03
-.39524341E+03
-.39508678E+03
-.39495065E+03
-.39484235E+03
-.39476291E+03
-.39471531E+03
-.39469877E+03
-.39471383E+03
-.39475626E+03
-.39482608E+03
-.39492034E+03
-.39503688E+03
-.39517017E+03
-.39531748E+03
-.39547703E+03
-.39564977E+03
-.39583083E+03
-.39601484E+03
-.39620159E+03
-.39638777E+03
-.39656854E+03
-.39674454E+03
-.39691443E+03
-.39707746E+03
-.39722981E+03
-.39737136E+03
-.39750080E+03
-.39761621E+03
-.39771689E+03
-.39780372E+03
-.39787743E+03
-.39794259E+03
-.39799899E+03
-.39804931E+03
-.39809405E+03
-.39813476E+03
-.39817266E+03
-.39820876E+03
-.39824460E+03
-.39828095E+03
-.39832139E+03
-.39836580E+03
-.39841259E+03
-.39845740E+03
-.39850197E+03
-.39854913E+03
-.39859842E+03
-.39864893E+03
-.39870247E+03
-.39875757E+03
-.39881652E+03
-.39887931E+03
-.39894568E+03
-.39901641E+03
-.39909196E+03
-.39917134E+03
-.39925172E+03
-.39933279E+03
-.39941625E+03
-.39949873E+03
-.39957796E+03
-.39965067E+03
-.39971507E+03
-.39976841E+03
-.39981025E+03
-.39984114E+03
-.39985871E+03
-.39986343E+03
-.39985920E+03
-.39984836E+03
-.39983101E+03
-.39980564E+03
-.39977677E+03
-.39974897E+03
-.39972427E+03
-.39970566E+03
-.39969147E+03
-.39968606E+03
-.39968826E+03
-.39969977E+03
-.39972139E+03
-.39975248E+03
-.39979364E+03
-.39984746E+03
-.39991169E+03
-.39998445E+03
-.40006447E+03
-.40015226E+03
-.40024501E+03
-.40033956E+03
-.40043583E+03
-.40053100E+03
-.40062145E+03
-.40070298E+03
-.40077642E+03
-.40084208E+03
-.40090082E+03
-.40095279E+03
-.40099608E+03
-.40103158E+03
-.40106183E+03
-.40109263E+03
-.40112563E+03
-.40116151E+03
-.40120453E+03
-.40125564E+03
-.40131705E+03
-.40138844E+03
-.40146893E+03
-.40155655E+03
-.40164866E+03
-.40174534E+03
-.40184369E+03
-.40194160E+03
-.40203590E+03
-.40212427E+03
-.40220580E+03
-.40228075E+03
-.40234786E+03
-.40240512E+03
-.40245076E+03
-.40248974E+03
-.40252019E+03
-.40254316E+03
-.40255519E+03
-.40255529E+03
-.40254454E+03
-.40252174E+03
-.40248463E+03
-.40243564E+03
-.40237011E+03
-.40228729E+03
-.40218786E+03
-.40207081E+03
-.40193543E+03
-.40178454E+03
-.40161446E+03
-.40142383E+03
-.40121981E+03
-.40100559E+03
-.40078370E+03
-.40055723E+03
-.40032945E+03
-.40010364E+03
-.39988555E+03
-.39967965E+03
-.39949086E+03
-.39932333E+03
-.39918203E+03
-.39906938E+03
-.39898487E+03
-.39892766E+03
-.39889960E+03
-.39889855E+03
-.39892654E+03
-.39898023E+03
-.39905861E+03
-.39915857E+03
-.39927295E+03
-.39939820E+03
-.39952789E+03
-.39966120E+03
-.39979090E+03
-.39991682E+03
-.40003311E+03
-.40013556E+03
-.40021972E+03
-.40028593E+03
-.40033529E+03
-.40036860E+03
-.40039025E+03
-.40039906E+03
-.40040075E+03
-.40039994E+03
-.40039899E+03
-.40040021E+03
-.40041059E+03
-.40043332E+03
-.40047061E+03
-.40052464E+03
-.40059675E+03
-.40068577E+03
-.40079018E+03
-.40090840E+03
-.40103684E+03
-.40117218E+03
-.40131085E+03
-.40145231E+03
-.40159435E+03
-.40173176E+03
-.40186075E+03
-.40197773E+03
-.40208353E+03
-.40217482E+03
-.40225028E+03
-.40231119E+03
-.40236052E+03
-.40239680E+03
-.40241760E+03
-.40242459E+03
-.40241504E+03
-.40238826E+03
-.40234502E+03
-.40228653E+03
-.40221472E+03
-.40212895E+03
-.40203291E+03
-.40192583E+03
-.40180658E+03
-.40167631E+03
-.40153345E+03
-.40137883E+03
-.40121369E+03
-.40103882E+03
-.40085564E+03
-.40066365E+03
-.40046556E+03
-.40026293E+03
-.40005858E+03
-.39985269E+03
-.39964220E+03
-.39943091E+03
-.39922061E+03
-.39901037E+03
-.39880454E+03
-.39860456E+03
-.39841009E+03
-.39822320E+03
-.39804495E+03
-.39787452E+03
-.39770954E+03
-.39754989E+03
-.39739665E+03
-.39724491E+03
-.39709744E+03
-.39695196E+03
-.39680613E+03
-.39665823E+03
-.39650833E+03
-.39635655E+03
-.39620342E+03
-.39605333E+03
-.39590779E+03
-.39576926E+03
-.39564298E+03
-.39553122E+03
-.39543527E+03
-.39535748E+03
-.39529878E+03
-.39526187E+03
-.39524834E+03
-.39526078E+03
-.39529637E+03
-.39535784E+03
-.39544405E+03
-.39555231E+03
-.39568293E+03
-.39583271E+03
-.39600112E+03
-.39618534E+03
-.39637997E+03
-.39658003E+03
-.39678318E+03
-.39698840E+03
-.39719188E+03
-.39738970E+03
-.39757680E+03
-.39775257E+03
-.39791760E+03
-.39806666E+03
-.39819891E+03
-.39831431E+03
-.39841458E+03
-.39849632E+03
-.39856019E+03
-.39860805E+03
-.39864037E+03
-.39865377E+03
-.39864976E+03
-.39862926E+03
-.39859233E+03
-.39854034E+03
-.39847213E+03
-.39839160E+03
-.39829742E+03
-.39819088E+03
-.39807442E+03
-.39794982E+03
-.39781836E+03
-.39768340E+03
-.39755108E+03
-.39742297E+03
-.39730294E+03
-.39719499E+03
-.39710403E+03
-.39703261E+03
-.39698635E+03
-.39696944E+03
-.39698050E+03
-.39702061E+03
-.39708919E+03
-.39718340E+03
-.39729833E+03
-.39742599E+03
-.39755927E+03
-.39768797E+03
-.39780410E+03
-.39789951E+03
-.39796423E+03
-.39799511E+03
-.39798350E+03
-.39792914E+03
-.39783344E+03
-.39769796E+03
-.39752434E+03
-.39732307E+03
-.39710332E+03
-.39687336E+03
-.39664233E+03
-.39642079E+03
-.39621984E+03
-.39604806E+03
-.39590947E+03
-.39580769E+03
-.39574433E+03
-.39572079E+03
-.39573556E+03
-.39578745E+03
-.39587280E+03
-.39598713E+03
-.39612502E+03
-.39628277E+03
-.39645505E+03
-.39664196E+03
-.39684197E+03
-.39705168E+03
-.39726537E+03
-.39748182E+03
-.39769767E+03
-.39791302E+03
-.39812467E+03
-.39833227E+03
-.39853408E+03
-.39873024E+03
-.39891643E+03
-.39909405E+03
-.39926274E+03
-.39942277E+03
-.39957103E+03
-.39970624E+03
-.39983089E+03
-.39994470E+03
-.40004574E+03
-.40013615E+03
-.40021654E+03
-.40028696E+03
-.40034516E+03
-.40039531E+03
-.40043749E+03
-.40047477E+03
-.40050657E+03
-.40053264E+03
-.40055303E+03
-.40056856E+03
-.40057644E+03
-.40057704E+03
-.40056960E+03
-.40055540E+03
-.40052919E+03
-.40049408E+03
-.40044846E+03
-.40038859E+03
-.40031314E+03
-.40022132E+03
-.40011026E+03
-.39998090E+03
-.39983322E+03
-.39966888E+03
-.39948659E+03
-.39929064E+03
-.39908170E+03
-.39886341E+03
-.39864158E+03
-.39842081E+03
-.39820324E+03
-.39799251E+03
-.39779304E+03
-.39760864E+03
-.39744345E+03
-.39730229E+03
-.39718590E+03
-.39709281E+03
-.39702627E+03
-.39698330E+03
-.39696301E+03
-.39696457E+03
-.39698542E+03
-.39702301E+03
-.39707447E+03
-.39713338E+03
-.39719641E+03
-.39726465E+03
-.39732987E+03
-.39738699E+03
-.39743476E+03
-.39747300E+03
-.39750109E+03
-.39751784E+03
-.39752423E+03
-.39752008E+03
-.39750550E+03
-.39748092E+03
-.39745076E+03
-.39741350E+03
-.39737251E+03
-.39732935E+03
-.39728397E+03
-.39723412E+03
-.39718293E+03
-.39713162E+03
-.39708004E+03
-.39702908E+03
-.39697638E+03
-.39691831E+03
-.39685745E+03
-.39679328E+03
-.39672387E+03
-.39664805E+03
-.39656801E+03
-.39648145E+03
-.39638865E+03
-.39629067E+03
-.39618719E+03
-.39607646E+03
-.39595801E+03
-.39583364E+03
-.39570362E+03
-.39557158E+03
-.39543629E+03
-.39530126E+03
-.39516917E+03
-.39504289E+03
-.39492793E+03
-.39482881E+03
-.39474713E+03
-.39468586E+03
-.39465082E+03
-.39464474E+03
-.39467143E+03
-.39473427E+03
-.39483235E+03
-.39496570E+03
-.39513286E+03
-.39532924E+03
-.39555155E+03
-.39579690E+03
-.39606565E+03
-.39634920E+03
-.39664221E+03
-.39693502E+03
-.39722105E+03
-.39749470E+03
-.39774746E+03
-.39797102E+03
-.39815914E+03
-.39830819E+03
-.39841263E+03
-.39846596E+03
-.39846847E+03
-.39841693E+03
-.39831145E+03
-.39815394E+03
-.39795164E+03
-.39771095E+03
-.39743885E+03
-.39714284E+03
-.39683348E+03
-.39652446E+03
-.39622437E+03
-.39594596E+03
-.39570218E+03
-.39550399E+03
-.39536063E+03
-.39527923E+03
-.39526450E+03
-.39532176E+03
-.39545253E+03
-.39565260E+03
-.39591914E+03
-.39624485E+03
-.39662428E+03
-.39704501E+03
-.39749524E+03
-.39796807E+03
-.39845235E+03
-.39893537E+03
-.39940849E+03
-.39986206E+03
-.40028895E+03
-.40068135E+03
-.40103357E+03
-.40134424E+03
-.40160798E+03
-.40182029E+03
-.40198146E+03
-.40209141E+03
-.40214847E+03
-.40215690E+03
-.40211653E+03
-.40203003E+03
-.40190119E+03
-.40173359E+03
-.40153100E+03
-.40129578E+03
-.40103190E+03
-.40074411E+03
-.40043960E+03
-.40012118E+03
-.39979518E+03
-.39946954E+03
-.39915280E+03
-.39885037E+03
-.39856790E+03
-.39830943E+03
-.39808227E+03
-.39789058E+03
-.39773879E+03
-.39762898E+03
-.39756239E+03
-.39753449E+03
-.39754359E+03
-.39758919E+03
-.39766797E+03
-.39777511E+03
-.39790402E+03
-.39804874E+03
-.39820468E+03
-.39836274E+03
-.39851714E+03
-.39866196E+03
-.39879281E+03
-.39890756E+03
-.39900252E+03
-.39907576E+03
-.39912897E+03
-.39916393E+03
-.39917866E+03
-.39917473E+03
-.39915527E+03
-.39912448E+03
-.39908683E+03
-.39904488E+03
-.39900079E+03
-.39895884E+03
-.39891704E+03
-.39887685E+03
-.39884335E+03
-.39881508E+03
-.39878925E+03
-.39876280E+03
-.39873154E+03
-.39868935E+03
-.39863453E+03
-.39856708E+03
-.39848611E+03
-.39838942E+03
-.39827472E+03
-.39814611E+03
-.39800198E+03
-.39784730E+03
-.39768810E+03
-.39752692E+03
-.39736812E+03
-.39721753E+03
-.39708141E+03
-.39696240E+03
-.39686518E+03
-.39679260E+03
-.39674532E+03
-.39672610E+03
-.39673484E+03
-.39677296E+03
-.39684322E+03
-.39694317E+03
-.39706961E+03
-.39722274E+03
-.39740069E+03
-.39759999E+03
-.39781337E+03
-.39803984E+03
-.39827351E+03
-.39850633E+03
-.39873363E+03
-.39895032E+03
-.39915190E+03
-.39933263E+03
-.39948549E+03
-.39960603E+03
-.39969158E+03
-.39973806E+03
-.39974745E+03
-.39971817E+03
-.39965008E+03
-.39954370E+03
-.39940128E+03
-.39922648E+03
-.39902256E+03
-.39879431E+03
-.39854675E+03
-.39828740E+03
-.39802301E+03
-.39776004E+03
-.39750271E+03
-.39725837E+03
-.39703236E+03
-.39682855E+03
-.39665037E+03
-.39649912E+03
-.39637646E+03
-.39628096E+03
-.39621202E+03
-.39616628E+03
-.39614113E+03
-.39613218E+03
-.39613885E+03
-.39615737E+03
-.39618878E+03
-.39623270E+03
-.39629056E+03
-.39636390E+03
-.39645421E+03
-.39656413E+03
-.39669557E+03
-.39685267E+03
-.39703550E+03
-.39724121E+03
-.39747034E+03
-.39772301E+03
-.39799364E+03
-.39828093E+03
-.39858199E+03
-.39888996E+03
-.39920184E+03
-.39951035E+03
-.39980922E+03
-.40009432E+03
-.40035902E+03
-.40059988E+03
-.40080895E+03
-.40098084E+03
-.40111711E+03
-.40121411E+03
-.40127282E+03
-.40129879E+03
-.40128988E+03
-.40124890E+03
-.40118271E+03
-.40109633E+03
-.40099732E+03
-.40089097E+03
-.40078353E+03
-.40067679E+03
-.40057489E+03
-.40048213E+03
-.40040071E+03
-.40032993E+03
-.40027049E+03
-.40022391E+03
-.40019035E+03
-.40016854E+03
-.40015522E+03
-.40015082E+03
-.40015440E+03
-.40016503E+03
-.40018203E+03
-.40020313E+03
-.40022840E+03
-.40025503E+03
-.40028118E+03
-.40030728E+03
-.40033322E+03
-.40035781E+03
-.40038205E+03
-.40040460E+03
-.40042311E+03
-.40043645E+03
-.40044697E+03
-.40045522E+03
-.40045996E+03
-.40046037E+03
-.40045853E+03
-.40045360E+03
-.40043989E+03
-.40041773E+03
-.40038869E+03
-.40034823E+03
-.40029173E+03
-.40021946E+03
-.40012954E+03
-.40001857E+03
-.39988692E+03
-.39973513E+03
-.39956319E+03
-.39936981E+03
-.39915700E+03
-.39892454E+03
-.39867707E+03
-.39842126E+03
-.39815903E+03
-.39788939E+03
-.39761671E+03
-.39734275E+03
-.39707144E+03
-.39680355E+03
-.39654579E+03
-.39629776E+03
-.39606081E+03
-.39583700E+03
-.39562932E+03
-.39543938E+03
-.39527217E+03
-.39512888E+03
-.39501403E+03
-.39492734E+03
-.39487170E+03
-.39484801E+03
-.39485748E+03
-.39489931E+03
-.39497282E+03
-.39507341E+03
-.39519892E+03
-.39534648E+03
-.39551096E+03
-.39568928E+03
-.39587735E+03
-.39607410E+03
-.39627558E+03
-.39647571E+03
-.39667237E+03
-.39686314E+03
-.39704581E+03
-.39722020E+03
-.39738185E+03
-.39752899E+03
-.39765971E+03
-.39777186E+03
-.39786251E+03
-.39793259E+03
-.39798224E+03
-.39800739E+03
-.39801119E+03
-.39799707E+03
-.39796442E+03
-.39791635E+03
-.39785789E+03
-.39779416E+03
-.39772715E+03
-.39766322E+03
-.39760484E+03
-.39755937E+03
-.39753032E+03
-.39751788E+03
-.39752112E+03
-.39753546E+03
-.39755862E+03
-.39758735E+03
-.39761680E+03
-.39764692E+03
-.39767400E+03
-.39769776E+03
-.39771543E+03
-.39772788E+03
-.39773342E+03
-.39773348E+03
-.39773186E+03
-.39773505E+03
-.39774232E+03
-.39775879E+03
-.39778958E+03
-.39783341E+03
-.39788865E+03
-.39795804E+03
-.39804074E+03
-.39813575E+03
-.39823942E+03
-.39834955E+03
-.39846118E+03
-.39856999E+03
-.39867239E+03
-.39876480E+03
-.39883931E+03
-.39889264E+03
-.39892436E+03
-.39893541E+03
-.39892520E+03
-.39889117E+03
-.39883129E+03
-.39874820E+03
-.39864568E+03
-.39852495E+03
-.39838928E+03
-.39824259E+03
-.39808883E+03
-.39792812E+03
-.39776361E+03
-.39760049E+03
-.39744242E+03
-.39729444E+03
-.39715993E+03
-.39703940E+03
-.39693706E+03
-.39685435E+03
-.39679273E+03
-.39675266E+03
-.39673982E+03
-.39675536E+03
-.39679951E+03
-.39687094E+03
-.39696879E+03
-.39709112E+03
-.39723799E+03
-.39740886E+03
-.39760409E+03
-.39781839E+03
-.39804575E+03
-.39828086E+03
-.39851810E+03
-.39875482E+03
-.39898423E+03
-.39919911E+03
-.39939286E+03
-.39956344E+03
-.39970378E+03
-.39980741E+03
-.39987507E+03
-.39990321E+03
-.39989184E+03
-.39984065E+03
-.39975256E+03
-.39963160E+03
-.39948211E+03
-.39931058E+03
-.39912160E+03
-.39892208E+03
-.39871519E+03
-.39850826E+03
-.39830975E+03
-.39812775E+03
-.39796670E+03
-.39783244E+03
-.39773166E+03
-.39767119E+03
-.39765395E+03
-.39768140E+03
-.39775237E+03
-.39786719E+03
-.39802428E+03
-.39821930E+03
-.39844800E+03
-.39870842E+03
-.39899573E+03
-.39930357E+03
-.39962337E+03
-.39994842E+03
-.40026926E+03
-.40057938E+03
-.40087328E+03
-.40114463E+03
-.40138889E+03
-.40159938E+03
-.40176997E+03
-.40189689E+03
-.40197968E+03
-.40201621E+03
-.40200580E+03
-.40194943E+03
-.40184700E+03
-.40170020E+03
-.40151169E+03
-.40128346E+03
-.40102230E+03
-.40073823E+03
-.40043655E+03
-.40012072E+03
-.39979152E+03
-.39945584E+03
-.39911785E+03
-.39878283E+03
-.39845531E+03
-.39814157E+03
-.39784360E+03
-.39756328E+03
-.39730687E+03
-.39707801E+03
-.39688273E+03
-.39672405E+03
-.39660453E+03
-.39652355E+03
-.39648544E+03
-.39649181E+03
-.39654289E+03
-.39663610E+03
-.39676787E+03
-.39693791E+03
-.39713948E+03
-.39736673E+03
-.39760995E+03
-.39786257E+03
-.39811685E+03
-.39836463E+03
-.39859817E+03
-.39881019E+03
-.39899434E+03
-.39914094E+03
-.39924590E+03
-.39930603E+03
-.39931832E+03
-.39928278E+03
-.39919995E+03
-.39907694E+03
-.39891411E+03
-.39872049E+03
-.39850273E+03
-.39826843E+03
-.39802439E+03
-.39777765E+03
-.39753733E+03
-.39731123E+03
-.39710042E+03
-.39691362E+03
-.39675366E+03
-.39662130E+03
-.39651609E+03
-.39643925E+03
-.39638858E+03
-.39636150E+03
-.39635364E+03
-.39636319E+03
-.39638756E+03
-.39642255E+03
-.39646318E+03
-.39650786E+03
-.39655432E+03
-.39660134E+03
-.39664770E+03
-.39669336E+03
-.39673960E+03
-.39678431E+03
-.39683042E+03
-.39688027E+03
-.39693524E+03
-.39699370E+03
-.39705700E+03
-.39712601E+03
-.39720123E+03
-.39728261E+03
-.39737189E+03
-.39746785E+03
-.39756609E+03
-.39766903E+03
-.39777447E+03
-.39788129E+03
-.39798981E+03
-.39809825E+03
-.39820119E+03
-.39829983E+03
-.39839485E+03
-.39848371E+03
-.39855947E+03
-.39862005E+03
-.39866058E+03
-.39867502E+03
-.39866444E+03
-.39862756E+03
-.39856401E+03
-.39847088E+03
-.39834811E+03
-.39819988E+03
-.39803169E+03
-.39784963E+03
-.39766132E+03
-.39747380E+03
-.39729580E+03
-.39713433E+03
-.39699130E+03
-.39687235E+03
-.39678279E+03
-.39672391E+03
-.39669324E+03
-.39668933E+03
-.39670971E+03
-.39675118E+03
-.39680792E+03
-.39687095E+03
-.39693817E+03
-.39700637E+03
-.39707085E+03
-.39713072E+03
-.39718057E+03
-.39722055E+03
-.39724752E+03
-.39725909E+03
-.39725476E+03
-.39723318E+03
-.39719557E+03
-.39714376E+03
-.39708294E+03
-.39701069E+03
-.39693112E+03
-.39684362E+03
-.39675612E+03
-.39667008E+03
-.39659147E+03
-.39652286E+03
-.39646772E+03
-.39642662E+03
-.39640179E+03
-.39639469E+03
-.39640850E+03
-.39644600E+03
-.39650649E+03
-.39658651E+03
-.39668418E+03
-.39679769E+03
-.39692359E+03
-.39705682E+03
-.39719822E+03
-.39734614E+03
-.39749411E+03
-.39763754E+03
-.39777372E+03
-.39790301E+03
-.39802392E+03
-.39813275E+03
-.39822781E+03
-.39831070E+03
-.39838500E+03
-.39844944E+03
-.39850655E+03
-.39855453E+03
-.39859553E+03
-.39863022E+03
-.39865861E+03
-.39868205E+03
-.39870431E+03
-.39872670E+03
-.39874989E+03
-.39877719E+03
-.39881103E+03
-.39884925E+03
-.39889765E+03
-.39895924E+03
-.39903376E+03
-.39912336E+03
-.39923155E+03
-.39935814E+03
-.39950369E+03
-.39966688E+03
-.39984628E+03
-.40003944E+03
-.40024294E+03
-.40045043E+03
-.40065584E+03
-.40085438E+03
-.40104067E+03
-.40120857E+03
-.40135389E+03
-.40147066E+03
-.40155664E+03
-.40161081E+03
-.40162932E+03
-.40161213E+03
-.40155786E+03
-.40146866E+03
-.40134487E+03
-.40118676E+03
-.40099620E+03
-.40077990E+03
-.40053897E+03
-.40027797E+03
-.40000272E+03
-.39971538E+03
-.39941657E+03
-.39911366E+03
-.39881321E+03
-.39851761E+03
-.39823145E+03
-.39795759E+03
-.39769979E+03
-.39745782E+03
-.39723070E+03
-.39702131E+03
-.39682931E+03
-.39665426E+03
-.39649435E+03
-.39634669E+03
-.39621146E+03
-.39608637E+03
-.39597125E+03
-.39586623E+03
-.39576818E+03
-.39567475E+03
-.39558292E+03
-.39549268E+03
-.39540264E+03
-.39531407E+03
-.39522722E+03
-.39514737E+03
-.39507426E+03
-.39500872E+03
-.39494871E+03
-.39489079E+03
-.39483923E+03
-.39479295E+03
-.39474953E+03
-.39471283E+03
-.39467889E+03
-.39464827E+03
-.39462094E+03
-.39459308E+03
-.39456132E+03
-.39452609E+03
-.39448669E+03
-.39443753E+03
-.39438009E+03
-.39431316E+03
-.39423618E+03
-.39415122E+03
-.39406075E+03
-.39396551E+03
-.39387342E+03
-.39378655E+03
-.39370969E+03
-.39364524E+03
-.39359374E+03
-.39355901E+03
-.39354212E+03
-.39354503E+03
-.39356306E+03
-.39359722E+03
-.39364765E+03
-.39371231E+03
-.39379169E+03
-.39388348E+03
-.39398428E+03
-.39409071E+03
-.39420082E+03
-.39431461E+03
-.39443316E+03
-.39455763E+03
-.39468718E+03
-.39482126E+03
-.39495844E+03
-.39509481E+03
-.39523058E+03
-.39536495E+03
-.39549692E+03
-.39562496E+03
-.39573992E+03
-.39584479E+03
-.39593828E+03
-.39602142E+03
-.39609329E+03
-.39614823E+03
-.39619168E+03
-.39622064E+03
-.39623679E+03
-.39624252E+03
-.39623554E+03
-.39622149E+03
-.39620528E+03
-.39619043E+03
-.39617792E+03
-.39616533E+03
-.39616081E+03
-.39616658E+03
-.39618099E+03
-.39620396E+03
-.39623527E+03
-.39627343E+03
-.39631283E+03
-.39635526E+03
-.39639957E+03
-.39643799E+03
-.39647253E+03
-.39650225E+03
-.39652056E+03
-.39653051E+03
-.39653498E+03
-.39653176E+03
-.39652080E+03
-.39650391E+03
-.39648603E+03
-.39646767E+03
-.39645399E+03
-.39644527E+03
-.39644326E+03
-.39645389E+03
-.39648302E+03
-.39653148E+03
-.39659841E+03
-.39668227E+03
-.39678259E+03
-.39689954E+03
-.39703159E+03
-.39717681E+03
-.39733219E+03
-.39749613E+03
-.39766410E+03
-.39783273E+03
-.39800042E+03
-.39816414E+03
-.39832286E+03
-.39847710E+03
-.39862616E+03
-.39877163E+03
-.39891519E+03
-.39905673E+03
-.39919668E+03
-.39933475E+03
-.39946861E+03
-.39959769E+03
-.39971847E+03
-.39982821E+03
-.39992327E+03
-.40000055E+03
-.40005721E+03
-.40009487E+03
-.40011663E+03
-.40012266E+03
-.40011306E+03
-.40009085E+03
-.40005837E+03
-.40001599E+03
-.39996898E+03
-.39991925E+03
-.39986907E+03
-.39981710E+03
-.39976876E+03
-.39972759E+03
-.39969550E+03
-.39967090E+03
-.39965398E+03
-.39964559E+03
-.39964445E+03
-.39964990E+03
-.39965998E+03
-.39967219E+03
-.39968671E+03
-.39970248E+03
-.39971785E+03
-.39973118E+03
-.39973854E+03
-.39973768E+03
-.39972794E+03
-.39970888E+03
-.39967919E+03
-.39963636E+03
-.39958441E+03
-.39952272E+03
-.39945556E+03
-.39938612E+03
-.39931331E+03
-.39924350E+03
-.39917801E+03
-.39911994E+03
-.39907428E+03
-.39904099E+03
-.39902190E+03
-.39901562E+03
-.39902258E+03
-.39904208E+03
-.39907190E+03
-.39910834E+03
-.39914627E+03
-.39918350E+03
-.39921341E+03
-.39923339E+03
-.39923622E+03
-.39921615E+03
-.39917306E+03
-.39910822E+03
-.39901834E+03
-.39890259E+03
-.39876099E+03
-.39859299E+03
-.39839933E+03
-.39818254E+03
-.39794737E+03
-.39769781E+03
-.39743752E+03
-.39717466E+03
-.39690966E+03
-.39664878E+03
-.39639234E+03
-.39614634E+03
-.39591537E+03
-.39570431E+03
-.39551801E+03
-.39535617E+03
-.39522183E+03
-.39511807E+03
-.39504859E+03
-.39501280E+03
-.39500964E+03
-.39503881E+03
-.39509658E+03
-.39518412E+03
-.39529853E+03
-.39543433E+03
-.39559053E+03
-.39576290E+03
-.39594754E+03
-.39614252E+03
-.39634004E+03
-.39653731E+03
-.39672796E+03
-.39690942E+03
-.39707917E+03
-.39723318E+03
-.39736918E+03
-.39748708E+03
-.39758348E+03
-.39766042E+03
-.39771824E+03
-.39775807E+03
-.39777994E+03
-.39778564E+03
-.39777818E+03
-.39776112E+03
-.39773638E+03
-.39770791E+03
-.39767612E+03
-.39764444E+03
-.39761710E+03
-.39759465E+03
-.39757647E+03
-.39756260E+03
-.39755356E+03
-.39754883E+03
-.39754787E+03
-.39755031E+03
-.39755703E+03
-.39756908E+03
-.39758509E+03
-.39760419E+03
-.39762745E+03
-.39765406E+03
-.39768308E+03
-.39771214E+03
-.39774304E+03
-.39777551E+03
-.39780922E+03
-.39784641E+03
-.39789002E+03
-.39794126E+03
-.39799888E+03
-.39806216E+03
-.39813198E+03
-.39821171E+03
-.39830192E+03
-.39840313E+03
-.39851603E+03
-.39864224E+03
-.39878269E+03
-.39893485E+03
-.39910196E+03
-.39928247E+03
-.39947378E+03
-.39967366E+03
-.39988185E+03
-.40009713E+03
-.40031263E+03
-.40052394E+03
-.40072811E+03
-.40092214E+03
-.40110079E+03
-.40125987E+03
-.40139309E+03
-.40149429E+03
-.40156202E+03
-.40159198E+03
-.40158355E+03
-.40153840E+03
-.40146069E+03
-.40135555E+03
-.40122625E+03
-.40107918E+03
-.40092280E+03
-.40076538E+03
-.40061611E+03
-.40047965E+03
-.40036259E+03
-.40027103E+03
-.40020760E+03
-.40017114E+03
-.40016215E+03
-.40017717E+03
-.40021226E+03
-.40026341E+03
-.40032435E+03
-.40038803E+03
-.40045136E+03
-.40050734E+03
-.40055435E+03
-.40058863E+03
-.40060544E+03
-.40060440E+03
-.40058373E+03
-.40054449E+03
-.40049088E+03
-.40042338E+03
-.40034548E+03
-.40025914E+03
-.40017313E+03
-.40009133E+03
-.40001641E+03
-.39995264E+03
-.39990243E+03
-.39986906E+03
-.39985588E+03
-.39986070E+03
-.39988387E+03
-.39992615E+03
-.39998687E+03
-.40006027E+03
-.40014354E+03
-.40023056E+03
-.40032023E+03
-.40040943E+03
-.40049418E+03
-.40056958E+03
-.40063001E+03
-.40066754E+03
-.40068301E+03
-.40067713E+03
-.40064827E+03
-.40059305E+03
-.40051397E+03
-.40041381E+03
-.40028803E+03
-.40013841E+03
-.39996847E+03
-.39978468E+03
-.39958699E+03
-.39938179E+03
-.39917309E+03
-.39896581E+03
-.39876687E+03
-.39857959E+03
-.39840615E+03
-.39824991E+03
-.39811410E+03
-.39799895E+03
-.39790256E+03
-.39782457E+03
-.39776423E+03
-.39772144E+03
-.39769507E+03
-.39768143E+03
-.39767993E+03
-.39768730E+03
-.39770440E+03
-.39772870E+03
-.39775808E+03
-.39779318E+03
-.39783217E+03
-.39787459E+03
-.39791932E+03
-.39796718E+03
-.39801634E+03
-.39806545E+03
-.39811530E+03
-.39816065E+03
-.39819897E+03
-.39822917E+03
-.39825061E+03
-.39826349E+03
-.39826492E+03
-.39825264E+03
-.39822764E+03
-.39818883E+03
-.39813381E+03
-.39806219E+03
-.39797553E+03
-.39787394E+03
-.39775474E+03
-.39762390E+03
-.39748301E+03
-.39733054E+03
-.39716735E+03
-.39699072E+03
-.39680292E+03
-.39660511E+03
-.39640080E+03
-.39619432E+03
-.39598692E+03
-.39578118E+03
-.39558192E+03
-.39539617E+03
-.39522863E+03
-.39508274E+03
-.39496490E+03
-.39488222E+03
-.39483955E+03
-.39484168E+03
-.39489497E+03
-.39499788E+03
-.39515176E+03
-.39535910E+03
-.39561774E+03
-.39592348E+03
-.39627168E+03
-.39665544E+03
-.39707045E+03
-.39750967E+03
-.39796572E+03
-.39842791E+03
-.39889035E+03
-.39934682E+03
-.39978957E+03
-.40020931E+03
-.40060299E+03
-.40096587E+03
-.40129469E+03
-.40158608E+03
-.40183695E+03
-.40204415E+03
-.40220571E+03
-.40232588E+03
-.40240610E+03
-.40244818E+03
-.40245523E+03
-.40243174E+03
-.40238276E+03
-.40231026E+03
-.40221828E+03
-.40211289E+03
-.40199993E+03
-.40188149E+03
-.40176019E+03
-.40163796E+03
-.40151972E+03
-.40140821E+03
-.40130478E+03
-.40121022E+03
-.40112586E+03
-.40105517E+03
-.40099753E+03
-.40095114E+03
-.40091410E+03
-.40088859E+03
-.40087468E+03
-.40087042E+03
-.40087653E+03
-.40089148E+03
-.40091757E+03
-.40095343E+03
-.40099856E+03
-.40105051E+03
-.40111004E+03
-.40117666E+03
-.40125151E+03
-.40133035E+03
-.40141395E+03
-.40150024E+03
-.40158602E+03
-.40166621E+03
-.40173622E+03
-.40178889E+03
-.40182001E+03
-.40182649E+03
-.40180206E+03
-.40174108E+03
-.40164355E+03
-.40150731E+03
-.40133260E+03
-.40111609E+03
-.40086463E+03
-.40057999E+03
-.40027199E+03
-.39994762E+03
-.39961695E+03
-.39929277E+03
-.39898253E+03
-.39869460E+03
-.39843464E+03
-.39820566E+03
-.39801424E+03
-.39786258E+03
-.39775178E+03
-.39767853E+03
-.39764034E+03
-.39763176E+03
-.39764868E+03
-.39768538E+03
-.39774085E+03
-.39780825E+03
-.39788254E+03
-.39795953E+03
-.39803808E+03
-.39811818E+03
-.39819626E+03
-.39827015E+03
