0.18226E+02
0.18196E+02
0.18140E+02
0.18057E+02
0.17948E+02
0.17815E+02
0.17664E+02
0.17499E+02
0.17326E+02
0.17150E+02
0.16976E+02
0.16814E+02
0.16670E+02
0.16549E+02
0.16458E+02
0.16401E+02
0.16384E+02
0.16408E+02
0.16475E+02
0.16584E+02
0.16736E+02
0.16927E+02
0.17153E+02
0.17409E+02
0.17690E+02
0.17987E+02
0.18297E+02
0.18613E+02
0.18927E+02
0.19228E+02
0.19511E+02
0.19769E+02
0.19997E+02
0.20190E+02
0.20343E+02
0.20452E+02
0.20516E+02
0.20534E+02
0.20511E+02
0.20450E+02
0.20358E+02
0.20242E+02
0.20108E+02
0.19963E+02
0.19810E+02
0.19655E+02
0.19502E+02
0.19357E+02
0.19221E+02
0.19099E+02
0.18992E+02
0.18901E+02
0.18825E+02
0.18763E+02
0.18717E+02
0.18685E+02
0.18670E+02
0.18669E+02
0.18677E+02
0.18695E+02
0.18721E+02
0.18753E+02
0.18789E+02
0.18826E+02
0.18858E+02
0.18880E+02
0.18887E+02
0.18877E+02
0.18845E+02
0.18786E+02
0.18698E+02
0.18582E+02
0.18438E+02
0.18268E+02
0.18072E+02
0.17851E+02
0.17613E+02
0.17362E+02
0.17102E+02
0.16839E+02
0.16579E+02
0.16327E+02
0.16088E+02
0.15870E+02
0.15676E+02
0.15508E+02
0.15374E+02
0.15278E+02
0.15220E+02
0.15203E+02
0.15230E+02
0.15297E+02
0.15404E+02
0.15549E+02
0.15731E+02
0.15951E+02
0.16207E+02
0.16496E+02
0.16813E+02
0.17151E+02
0.17507E+02
0.17877E+02
0.18253E+02
0.18630E+02
0.19000E+02
0.19358E+02
0.19694E+02
0.20003E+02
0.20278E+02
0.20514E+02
0.20708E+02
0.20857E+02
0.20957E+02
0.21005E+02
0.21001E+02
0.20945E+02
0.20839E+02
0.20686E+02
0.20492E+02
0.20267E+02
0.20014E+02
0.19742E+02
0.19461E+02
0.19178E+02
0.18897E+02
0.18626E+02
0.18373E+02
0.18143E+02
0.17939E+02
0.17765E+02
0.17623E+02
0.17515E+02
0.17443E+02
0.17406E+02
0.17400E+02
0.17423E+02
0.17473E+02
0.17546E+02
0.17634E+02
0.17734E+02
0.17841E+02
0.17953E+02
0.18064E+02
0.18169E+02
0.18263E+02
0.18345E+02
0.18411E+02
0.18461E+02
0.18492E+02
0.18507E+02
0.18503E+02
0.18480E+02
0.18437E+02
0.18379E+02
0.18307E+02
0.18222E+02
0.18125E+02
0.18014E+02
0.17891E+02
0.17757E+02
0.17611E+02
0.17456E+02
0.17298E+02
0.17135E+02
0.16969E+02
0.16802E+02
0.16635E+02
0.16474E+02
0.16323E+02
0.16183E+02
0.16059E+02
0.15952E+02
0.15866E+02
0.15807E+02
0.15776E+02
0.15775E+02
0.15810E+02
0.15882E+02
0.15996E+02
0.16155E+02
0.16363E+02
0.16623E+02
0.16932E+02
0.17291E+02
0.17696E+02
0.18143E+02
0.18625E+02
0.19136E+02
0.19666E+02
0.20209E+02
0.20753E+02
0.21287E+02
0.21796E+02
0.22263E+02
0.22677E+02
0.23028E+02
0.23307E+02
0.23511E+02
0.23637E+02
0.23681E+02
0.23639E+02
0.23512E+02
0.23304E+02
0.23022E+02
0.22670E+02
0.22258E+02
0.21799E+02
0.21303E+02
0.20776E+02
0.20230E+02
0.19674E+02
0.19115E+02
0.18557E+02
0.18009E+02
0.17477E+02
0.16970E+02
0.16490E+02
0.16040E+02
0.15623E+02
0.15240E+02
0.14897E+02
0.14597E+02
0.14338E+02
0.14119E+02
0.13944E+02
0.13810E+02
0.13718E+02
0.13668E+02
0.13657E+02
0.13686E+02
0.13755E+02
0.13864E+02
0.14012E+02
0.14194E+02
0.14409E+02
0.14656E+02
0.14932E+02
0.15235E+02
0.15562E+02
0.15909E+02
0.16273E+02
0.16651E+02
0.17043E+02
0.17448E+02
0.17860E+02
0.18276E+02
0.18690E+02
0.19099E+02
0.19500E+02
0.19889E+02
0.20257E+02
0.20596E+02
0.20904E+02
0.21177E+02
0.21410E+02
0.21601E+02
0.21745E+02
0.21840E+02
0.21888E+02
0.21885E+02
0.21833E+02
0.21737E+02
0.21602E+02
0.21433E+02
0.21238E+02
0.21023E+02
0.20795E+02
0.20560E+02
0.20324E+02
0.20091E+02
0.19864E+02
0.19645E+02
0.19433E+02
0.19228E+02
0.19028E+02
0.18831E+02
0.18635E+02
0.18437E+02
0.18237E+02
0.18035E+02
0.17833E+02
0.17632E+02
0.17437E+02
0.17251E+02
0.17076E+02
0.16917E+02
0.16775E+02
0.16654E+02
0.16559E+02
0.16489E+02
0.16446E+02
0.16429E+02
0.16441E+02
0.16480E+02
0.16542E+02
0.16622E+02
0.16717E+02
0.16821E+02
0.16932E+02
0.17048E+02
0.17162E+02
0.17273E+02
0.17375E+02
0.17469E+02
0.17555E+02
0.17632E+02
0.17702E+02
0.17764E+02
0.17821E+02
0.17873E+02
0.17920E+02
0.17967E+02
0.18014E+02
0.18058E+02
0.18101E+02
0.18144E+02
0.18186E+02
0.18228E+02
0.18269E+02
0.18304E+02
0.18331E+02
0.18347E+02
0.18348E+02
0.18334E+02
0.18301E+02
0.18249E+02
0.18177E+02
0.18086E+02
0.17979E+02
0.17855E+02
0.17721E+02
0.17577E+02
0.17427E+02
0.17278E+02
0.17137E+02
0.17006E+02
0.16889E+02
0.16792E+02
0.16717E+02
0.16666E+02
0.16641E+02
0.16646E+02
0.16683E+02
0.16753E+02
0.16854E+02
0.16985E+02
0.17141E+02
0.17320E+02
0.17521E+02
0.17740E+02
0.17972E+02
0.18213E+02
0.18457E+02
0.18700E+02
0.18942E+02
0.19181E+02
0.19410E+02
0.19627E+02
0.19831E+02
0.20019E+02
0.20189E+02
0.20336E+02
0.20456E+02
0.20543E+02
0.20592E+02
0.20600E+02
0.20563E+02
0.20475E+02
0.20338E+02
0.20152E+02
0.19914E+02
0.19628E+02
0.19298E+02
0.18931E+02
0.18537E+02
0.18123E+02
0.17699E+02
0.17275E+02
0.16861E+02
0.16471E+02
0.16115E+02
0.15804E+02
0.15544E+02
0.15341E+02
0.15201E+02
0.15127E+02
0.15122E+02
0.15183E+02
0.15307E+02
0.15492E+02
0.15731E+02
0.16018E+02
0.16347E+02
0.16712E+02
0.17106E+02
0.17520E+02
0.17948E+02
0.18384E+02
0.18822E+02
0.19257E+02
0.19686E+02
0.20105E+02
0.20509E+02
0.20894E+02
0.21257E+02
0.21594E+02
0.21901E+02
0.22172E+02
0.22404E+02
0.22593E+02
0.22735E+02
0.22826E+02
0.22864E+02
0.22850E+02
0.22783E+02
0.22662E+02
0.22483E+02
0.22250E+02
0.21966E+02
0.21638E+02
0.21270E+02
0.20870E+02
0.20442E+02
0.19993E+02
0.19526E+02
0.19053E+02
0.18579E+02
0.18113E+02
0.17659E+02
0.17228E+02
0.16824E+02
0.16450E+02
0.16110E+02
0.15805E+02
0.15540E+02
0.15313E+02
0.15128E+02
0.14987E+02
0.14888E+02
0.14832E+02
0.14815E+02
0.14836E+02
0.14893E+02
0.14982E+02
0.15100E+02
0.15241E+02
0.15403E+02
0.15582E+02
0.15773E+02
0.15973E+02
0.16175E+02
0.16374E+02
0.16567E+02
0.16750E+02
0.16920E+02
0.17074E+02
0.17210E+02
0.17325E+02
0.17421E+02
0.17499E+02
0.17560E+02
0.17605E+02
0.17634E+02
0.17649E+02
0.17653E+02
0.17650E+02
0.17645E+02
0.17644E+02
0.17647E+02
0.17660E+02
0.17685E+02
0.17725E+02
0.17784E+02
0.17866E+02
0.17971E+02
0.18099E+02
0.18251E+02
0.18427E+02
0.18628E+02
0.18855E+02
0.19102E+02
0.19368E+02
0.19650E+02
0.19941E+02
0.20236E+02
0.20526E+02
0.20805E+02
0.21062E+02
0.21290E+02
0.21480E+02
0.21624E+02
0.21716E+02
0.21751E+02
0.21729E+02
0.21651E+02
0.21519E+02
0.21329E+02
0.21085E+02
0.20796E+02
0.20471E+02
0.20118E+02
0.19749E+02
0.19372E+02
0.18994E+02
0.18623E+02
0.18262E+02
0.17920E+02
0.17600E+02
0.17306E+02
0.17044E+02
0.16815E+02
0.16618E+02
0.16455E+02
0.16320E+02
0.16210E+02
0.16125E+02
0.16066E+02
0.16031E+02
0.16014E+02
0.16013E+02
0.16022E+02
0.16038E+02
0.16061E+02
0.16088E+02
0.16119E+02
0.16154E+02
0.16190E+02
0.16227E+02
0.16267E+02
0.16311E+02
0.16361E+02
0.16417E+02
0.16481E+02
0.16554E+02
0.16637E+02
0.16730E+02
0.16835E+02
0.16951E+02
0.17079E+02
0.17221E+02
0.17376E+02
0.17544E+02
0.17724E+02
0.17913E+02
0.18108E+02
0.18314E+02
0.18525E+02
0.18739E+02
0.18952E+02
0.19162E+02
0.19365E+02
0.19557E+02
0.19735E+02
0.19896E+02
0.20038E+02
0.20156E+02
0.20247E+02
0.20311E+02
0.20345E+02
0.20349E+02
0.20323E+02
0.20267E+02
0.20183E+02
0.20078E+02
0.19952E+02
0.19810E+02
0.19656E+02
0.19491E+02
0.19320E+02
0.19145E+02
0.18968E+02
0.18791E+02
0.18613E+02
0.18436E+02
0.18261E+02
0.18088E+02
0.17916E+02
0.17747E+02
0.17583E+02
0.17426E+02
0.17274E+02
0.17131E+02
0.17000E+02
0.16880E+02
0.16774E+02
0.16684E+02
0.16615E+02
0.16567E+02
0.16540E+02
0.16533E+02
0.16545E+02
0.16576E+02
0.16627E+02
0.16695E+02
0.16776E+02
0.16869E+02
0.16973E+02
0.17087E+02
0.17205E+02
0.17321E+02
0.17435E+02
0.17543E+02
0.17644E+02
0.17736E+02
0.17821E+02
0.17897E+02
0.17961E+02
0.18014E+02
0.18058E+02
0.18092E+02
0.18122E+02
0.18150E+02
0.18181E+02
0.18218E+02
0.18265E+02
0.18326E+02
0.18400E+02
0.18492E+02
0.18604E+02
0.18737E+02
0.18890E+02
0.19063E+02
0.19252E+02
0.19457E+02
0.19675E+02
0.19900E+02
0.20127E+02
0.20350E+02
0.20562E+02
0.20757E+02
0.20932E+02
0.21079E+02
0.21194E+02
0.21273E+02
0.21312E+02
0.21313E+02
0.21278E+02
0.21209E+02
0.21111E+02
0.20990E+02
0.20850E+02
0.20690E+02
0.20512E+02
0.20316E+02
0.20102E+02
0.19865E+02
0.19606E+02
0.19327E+02
0.19026E+02
0.18704E+02
0.18362E+02
0.18006E+02
0.17639E+02
0.17266E+02
0.16894E+02
0.16527E+02
0.16170E+02
0.15829E+02
0.15509E+02
0.15219E+02
0.14964E+02
0.14748E+02
0.14573E+02
0.14441E+02
0.14350E+02
0.14303E+02
0.14297E+02
0.14332E+02
0.14405E+02
0.14517E+02
0.14662E+02
0.14837E+02
0.15036E+02
0.15258E+02
0.15499E+02
0.15757E+02
0.16029E+02
0.16314E+02
0.16604E+02
0.16896E+02
0.17186E+02
0.17469E+02
0.17744E+02
0.18005E+02
0.18249E+02
0.18473E+02
0.18673E+02
0.18847E+02
0.18997E+02
0.19127E+02
0.19238E+02
0.19335E+02
0.19424E+02
0.19509E+02
0.19592E+02
0.19678E+02
0.19774E+02
0.19882E+02
0.20005E+02
0.20144E+02
0.20296E+02
0.20460E+02
0.20629E+02
0.20798E+02
0.20960E+02
0.21104E+02
0.21225E+02
0.21314E+02
0.21367E+02
0.21375E+02
0.21332E+02
0.21233E+02
0.21076E+02
0.20864E+02
0.20602E+02
0.20297E+02
0.19957E+02
0.19591E+02
0.19209E+02
0.18820E+02
0.18436E+02
0.18063E+02
0.17709E+02
0.17380E+02
0.17082E+02
0.16818E+02
0.16589E+02
0.16396E+02
0.16238E+02
0.16112E+02
0.16016E+02
0.15947E+02
0.15901E+02
0.15877E+02
0.15872E+02
0.15885E+02
0.15910E+02
0.15946E+02
0.15992E+02
0.16045E+02
0.16105E+02
0.16170E+02
0.16241E+02
0.16317E+02
0.16401E+02
0.16495E+02
0.16601E+02
0.16723E+02
0.16862E+02
0.17022E+02
0.17205E+02
0.17415E+02
0.17653E+02
0.17919E+02
0.18210E+02
0.18525E+02
0.18859E+02
0.19208E+02
0.19567E+02
0.19930E+02
0.20285E+02
0.20626E+02
0.20945E+02
0.21233E+02
0.21479E+02
0.21680E+02
0.21832E+02
0.21934E+02
0.21981E+02
0.21970E+02
0.21903E+02
0.21781E+02
0.21607E+02
0.21386E+02
0.21122E+02
0.20822E+02
0.20491E+02
0.20136E+02
0.19759E+02
0.19365E+02
0.18957E+02
0.18541E+02
0.18121E+02
0.17705E+02
0.17297E+02
0.16897E+02
0.16504E+02
0.16124E+02
0.15759E+02
0.15413E+02
0.15091E+02
0.14798E+02
0.14542E+02
0.14327E+02
0.14158E+02
0.14039E+02
0.13973E+02
0.13966E+02
0.14020E+02
0.14136E+02
0.14318E+02
0.14564E+02
0.14871E+02
0.15237E+02
0.15657E+02
0.16124E+02
0.16629E+02
0.17162E+02
0.17714E+02
0.18273E+02
0.18828E+02
0.19368E+02
0.19881E+02
0.20358E+02
0.20787E+02
0.21160E+02
0.21471E+02
0.21715E+02
0.21890E+02
0.21996E+02
0.22032E+02
0.22000E+02
0.21905E+02
0.21751E+02
0.21544E+02
0.21293E+02
0.21006E+02
0.20690E+02
0.20353E+02
0.20004E+02
0.19648E+02
0.19293E+02
0.18947E+02
0.18614E+02
0.18297E+02
0.17996E+02
0.17715E+02
0.17453E+02
0.17212E+02
0.16992E+02
0.16791E+02
0.16610E+02
0.16448E+02
0.16306E+02
0.16180E+02
0.16070E+02
0.15977E+02
0.15902E+02
0.15846E+02
0.15810E+02
0.15797E+02
0.15809E+02
0.15845E+02
0.15905E+02
0.15987E+02
0.16094E+02
0.16223E+02
0.16373E+02
0.16542E+02
0.16725E+02
0.16922E+02
0.17130E+02
0.17349E+02
0.17573E+02
0.17802E+02
0.18031E+02
0.18255E+02
0.18474E+02
0.18682E+02
0.18877E+02
0.19054E+02
0.19207E+02
0.19336E+02
0.19439E+02
0.19513E+02
0.19557E+02
0.19570E+02
0.19551E+02
0.19502E+02
0.19425E+02
0.19327E+02
0.19217E+02
0.19097E+02
0.18974E+02
0.18857E+02
0.18752E+02
0.18663E+02
0.18596E+02
0.18554E+02
0.18539E+02
0.18552E+02
0.18591E+02
0.18655E+02
0.18741E+02
0.18846E+02
0.18965E+02
0.19094E+02
0.19228E+02
0.19365E+02
0.19502E+02
0.19634E+02
0.19755E+02
0.19862E+02
0.19950E+02
0.20016E+02
0.20057E+02
0.20073E+02
0.20062E+02
0.20022E+02
0.19954E+02
0.19855E+02
0.19725E+02
0.19567E+02
0.19381E+02
0.19175E+02
0.18951E+02
0.18716E+02
0.18472E+02
0.18225E+02
0.17977E+02
0.17733E+02
0.17497E+02
0.17270E+02
0.17058E+02
0.16864E+02
0.16691E+02
0.16536E+02
0.16399E+02
0.16281E+02
0.16184E+02
0.16109E+02
0.16057E+02
0.16028E+02
0.16021E+02
0.16038E+02
0.16077E+02
0.16139E+02
0.16224E+02
0.16331E+02
0.16458E+02
0.16601E+02
0.16758E+02
0.16932E+02
0.17117E+02
0.17308E+02
0.17502E+02
0.17694E+02
0.17879E+02
0.18057E+02
0.18225E+02
0.18380E+02
0.18521E+02
0.18649E+02
0.18767E+02
0.18872E+02
0.18962E+02
0.19042E+02
0.19114E+02
0.19180E+02
0.19241E+02
0.19299E+02
0.19354E+02
0.19407E+02
0.19457E+02
0.19505E+02
0.19549E+02
0.19592E+02
0.19633E+02
0.19669E+02
0.19699E+02
0.19721E+02
0.19733E+02
0.19734E+02
0.19720E+02
0.19690E+02
0.19643E+02
0.19574E+02
0.19483E+02
0.19369E+02
0.19235E+02
0.19084E+02
0.18919E+02
0.18739E+02
0.18548E+02
0.18350E+02
0.18153E+02
0.17961E+02
0.17778E+02
0.17608E+02
0.17456E+02
0.17322E+02
0.17208E+02
0.17115E+02
0.17041E+02
0.16985E+02
0.16945E+02
0.16920E+02
0.16907E+02
0.16903E+02
0.16906E+02
0.16916E+02
0.16931E+02
0.16950E+02
0.16971E+02
0.16995E+02
0.17022E+02
0.17053E+02
0.17086E+02
0.17120E+02
0.17154E+02
0.17187E+02
0.17218E+02
0.17246E+02
0.17269E+02
0.17285E+02
0.17293E+02
0.17294E+02
0.17285E+02
0.17268E+02
0.17245E+02
0.17212E+02
0.17169E+02
0.17122E+02
0.17075E+02
0.17031E+02
0.16995E+02
0.16969E+02
0.16958E+02
0.16967E+02
0.17001E+02
0.17066E+02
0.17165E+02
0.17302E+02
0.17479E+02
0.17695E+02
0.17949E+02
0.18238E+02
0.18560E+02
0.18912E+02
0.19287E+02
0.19681E+02
0.20084E+02
0.20485E+02
0.20875E+02
0.21242E+02
0.21578E+02
0.21873E+02
0.22119E+02
0.22307E+02
0.22430E+02
0.22482E+02
0.22460E+02
0.22369E+02
0.22210E+02
0.21991E+02
0.21715E+02
0.21393E+02
0.21035E+02
0.20649E+02
0.20246E+02
0.19836E+02
0.19429E+02
0.19033E+02
0.18654E+02
0.18298E+02
0.17966E+02
0.17660E+02
0.17381E+02
0.17127E+02
0.16897E+02
0.16690E+02
0.16504E+02
0.16338E+02
0.16190E+02
0.16054E+02
0.15931E+02
0.15818E+02
0.15714E+02
0.15618E+02
0.15533E+02
0.15459E+02
0.15397E+02
0.15345E+02
0.15303E+02
0.15270E+02
0.15245E+02
0.15228E+02
0.15220E+02
0.15224E+02
0.15239E+02
0.15268E+02
0.15311E+02
0.15366E+02
0.15435E+02
0.15515E+02
0.15607E+02
0.15712E+02
0.15829E+02
0.15960E+02
0.16104E+02
0.16262E+02
0.16437E+02
0.16628E+02
0.16837E+02
0.17059E+02
0.17297E+02
0.17549E+02
0.17816E+02
0.18098E+02
0.18394E+02
0.18704E+02
0.19025E+02
0.19355E+02
0.19690E+02
0.20025E+02
0.20354E+02
0.20672E+02
0.20973E+02
0.21252E+02
0.21503E+02
0.21719E+02
0.21895E+02
0.22028E+02
0.22114E+02
0.22152E+02
0.22146E+02
0.22098E+02
0.22010E+02
0.21888E+02
0.21737E+02
0.21561E+02
0.21364E+02
0.21152E+02
0.20928E+02
0.20699E+02
0.20469E+02
0.20242E+02
0.20020E+02
0.19806E+02
0.19600E+02
0.19405E+02
0.19220E+02
0.19047E+02
0.18883E+02
0.18725E+02
0.18572E+02
0.18421E+02
0.18273E+02
0.18125E+02
0.17975E+02
0.17819E+02
0.17658E+02
0.17493E+02
0.17322E+02
0.17146E+02
0.16966E+02
0.16783E+02
0.16598E+02
0.16411E+02
0.16227E+02
0.16045E+02
0.15867E+02
0.15693E+02
0.15526E+02
0.15367E+02
0.15219E+02
0.15083E+02
0.14960E+02
0.14852E+02
0.14761E+02
0.14689E+02
0.14637E+02
0.14609E+02
0.14608E+02
0.14641E+02
0.14708E+02
0.14814E+02
0.14963E+02
0.15159E+02
0.15406E+02
0.15707E+02
0.16065E+02
0.16478E+02
0.16947E+02
0.17467E+02
0.18034E+02
0.18636E+02
0.19261E+02
0.19895E+02
0.20520E+02
0.21121E+02
0.21679E+02
0.22176E+02
0.22598E+02
0.22930E+02
0.23164E+02
0.23295E+02
0.23321E+02
0.23243E+02
0.23072E+02
0.22820E+02
0.22501E+02
0.22128E+02
0.21719E+02
0.21292E+02
0.20863E+02
0.20441E+02
0.20036E+02
0.19656E+02
0.19305E+02
0.18986E+02
0.18703E+02
0.18453E+02
0.18234E+02
0.18043E+02
0.17877E+02
0.17733E+02
0.17612E+02
0.17512E+02
0.17431E+02
0.17364E+02
0.17309E+02
0.17265E+02
0.17229E+02
0.17200E+02
0.17178E+02
0.17160E+02
0.17147E+02
0.17135E+02
0.17124E+02
0.17116E+02
0.17108E+02
0.17099E+02
0.17088E+02
0.17077E+02
0.17067E+02
0.17055E+02
0.17043E+02
0.17033E+02
0.17022E+02
0.17012E+02
0.17003E+02
0.16998E+02
0.16999E+02
0.17005E+02
0.17018E+02
0.17036E+02
0.17061E+02
0.17089E+02
0.17121E+02
0.17159E+02
0.17200E+02
0.17240E+02
0.17282E+02
0.17323E+02
0.17360E+02
0.17391E+02
0.17415E+02
0.17429E+02
0.17433E+02
0.17428E+02
0.17413E+02
0.17390E+02
0.17361E+02
0.17328E+02
0.17295E+02
0.17266E+02
0.17248E+02
0.17243E+02
0.17253E+02
0.17284E+02
0.17337E+02
0.17419E+02
0.17532E+02
0.17676E+02
0.17853E+02
0.18059E+02
0.18294E+02
0.18553E+02
0.18832E+02
0.19127E+02
0.19432E+02
0.19741E+02
0.20044E+02
0.20335E+02
0.20607E+02
0.20853E+02
0.21062E+02
0.21229E+02
0.21351E+02
0.21425E+02
0.21449E+02
0.21423E+02
0.21347E+02
0.21223E+02
0.21053E+02
0.20842E+02
0.20594E+02
0.20315E+02
0.20012E+02
0.19687E+02
0.19345E+02
0.18991E+02
0.18634E+02
0.18276E+02
0.17924E+02
0.17577E+02
0.17239E+02
0.16912E+02
0.16599E+02
0.16303E+02
0.16023E+02
0.15763E+02
0.15523E+02
0.15304E+02
0.15109E+02
0.14938E+02
0.14790E+02
0.14666E+02
0.14567E+02
0.14495E+02
0.14451E+02
0.14437E+02
0.14455E+02
0.14509E+02
0.14603E+02
0.14741E+02
0.14929E+02
0.15167E+02
0.15460E+02
0.15811E+02
0.16224E+02
0.16702E+02
0.17244E+02
0.17847E+02
0.18506E+02
0.19216E+02
0.19964E+02
0.20737E+02
0.21523E+02
0.22308E+02
0.23072E+02
0.23794E+02
0.24447E+02
0.25012E+02
0.25469E+02
0.25797E+02
0.25983E+02
0.26014E+02
0.25887E+02
0.25602E+02
0.25165E+02
0.24585E+02
0.23878E+02
0.23060E+02
0.22154E+02
0.21187E+02
0.20182E+02
0.19163E+02
0.18148E+02
0.17162E+02
0.16222E+02
0.15345E+02
0.14546E+02
0.13838E+02
0.13233E+02
0.12737E+02
0.12354E+02
0.12088E+02
0.11940E+02
0.11910E+02
0.11993E+02
0.12183E+02
0.12474E+02
0.12859E+02
0.13326E+02
0.13862E+02
0.14458E+02
0.15103E+02
0.15781E+02
0.16479E+02
0.17184E+02
0.17883E+02
0.18559E+02
0.19202E+02
0.19801E+02
0.20341E+02
0.20813E+02
0.21207E+02
0.21516E+02
0.21734E+02
0.21861E+02
0.21895E+02
0.21835E+02
0.21690E+02
0.21463E+02
0.21162E+02
0.20794E+02
0.20370E+02
0.19901E+02
0.19402E+02
0.18881E+02
0.18351E+02
0.17827E+02
0.17320E+02
0.16842E+02
0.16402E+02
0.16007E+02
0.15664E+02
0.15381E+02
0.15162E+02
0.15011E+02
0.14928E+02
0.14912E+02
0.14959E+02
0.15069E+02
0.15239E+02
0.15463E+02
0.15735E+02
0.16049E+02
0.16397E+02
0.16769E+02
0.17157E+02
0.17553E+02
0.17947E+02
0.18336E+02
0.18710E+02
0.19064E+02
0.19396E+02
0.19702E+02
0.19976E+02
0.20217E+02
0.20424E+02
0.20595E+02
0.20736E+02
0.20844E+02
0.20924E+02
0.20974E+02
0.20994E+02
0.20983E+02
0.20947E+02
0.20885E+02
0.20795E+02
0.20675E+02
0.20522E+02
0.20332E+02
0.20109E+02
0.19855E+02
0.19572E+02
0.19263E+02
0.18930E+02
0.18578E+02
0.18214E+02
0.17843E+02
0.17475E+02
0.17118E+02
0.16779E+02
0.16466E+02
0.16186E+02
0.15945E+02
0.15748E+02
0.15600E+02
0.15501E+02
0.15455E+02
0.15461E+02
0.15521E+02
0.15637E+02
0.15806E+02
0.16024E+02
0.16289E+02
0.16598E+02
0.16944E+02
0.17318E+02
0.17715E+02
0.18126E+02
0.18538E+02
0.18944E+02
0.19333E+02
0.19695E+02
0.20021E+02
0.20299E+02
0.20522E+02
0.20682E+02
0.20775E+02
0.20799E+02
0.20755E+02
0.20642E+02
0.20463E+02
0.20221E+02
0.19926E+02
0.19585E+02
0.19207E+02
0.18802E+02
0.18381E+02
0.17958E+02
0.17543E+02
0.17145E+02
0.16773E+02
0.16436E+02
0.16139E+02
0.15888E+02
0.15686E+02
0.15536E+02
0.15436E+02
0.15387E+02
0.15387E+02
0.15431E+02
0.15516E+02
0.15641E+02
0.15802E+02
0.15999E+02
0.16233E+02
0.16501E+02
0.16804E+02
0.17142E+02
0.17514E+02
0.17921E+02
0.18362E+02
0.18834E+02
0.19329E+02
0.19842E+02
0.20366E+02
0.20890E+02
0.21406E+02
0.21901E+02
0.22361E+02
0.22776E+02
0.23131E+02
0.23413E+02
0.23613E+02
0.23720E+02
0.23731E+02
0.23638E+02
0.23440E+02
0.23143E+02
0.22750E+02
0.22274E+02
0.21727E+02
0.21119E+02
0.20464E+02
0.19777E+02
0.19076E+02
0.18375E+02
0.17687E+02
0.17024E+02
0.16393E+02
0.15802E+02
0.15258E+02
0.14764E+02
0.14322E+02
0.13932E+02
0.13596E+02
0.13314E+02
0.13083E+02
0.12903E+02
0.12771E+02
0.12687E+02
0.12651E+02
0.12661E+02
0.12715E+02
0.12813E+02
0.12954E+02
0.13135E+02
0.13356E+02
0.13619E+02
0.13923E+02
0.14267E+02
0.14651E+02
0.15072E+02
0.15527E+02
0.16016E+02
0.16540E+02
0.17092E+02
0.17668E+02
0.18266E+02
0.18879E+02
0.19495E+02
0.20106E+02
0.20704E+02
0.21277E+02
0.21810E+02
0.22294E+02
0.22718E+02
0.23070E+02
0.23342E+02
0.23530E+02
0.23627E+02
0.23631E+02
0.23543E+02
0.23366E+02
0.23104E+02
0.22772E+02
0.22379E+02
0.21929E+02
0.21437E+02
0.20912E+02
0.20366E+02
0.19809E+02
0.19254E+02
0.18708E+02
0.18177E+02
0.17671E+02
0.17194E+02
0.16755E+02
0.16358E+02
0.16007E+02
0.15709E+02
0.15465E+02
0.15277E+02
0.15148E+02
0.15077E+02
0.15066E+02
0.15112E+02
0.15213E+02
0.15364E+02
0.15562E+02
0.15802E+02
0.16079E+02
0.16390E+02
0.16729E+02
0.17091E+02
0.17468E+02
0.17853E+02
0.18243E+02
0.18630E+02
0.19009E+02
0.19372E+02
0.19711E+02
0.20021E+02
0.20294E+02
0.20523E+02
0.20706E+02
0.20838E+02
0.20916E+02
0.20940E+02
0.20912E+02
0.20834E+02
0.20708E+02
0.20543E+02
0.20345E+02
0.20121E+02
0.19879E+02
0.19627E+02
0.19373E+02
0.19126E+02
0.18888E+02
0.18661E+02
0.18444E+02
0.18237E+02
0.18038E+02
0.17847E+02
0.17663E+02
0.17484E+02
0.17312E+02
0.17147E+02
0.16989E+02
0.16840E+02
0.16699E+02
0.16573E+02
0.16467E+02
0.16382E+02
0.16324E+02
0.16296E+02
0.16296E+02
0.16326E+02
0.16385E+02
0.16472E+02
0.16587E+02
0.16725E+02
0.16882E+02
0.17054E+02
0.17234E+02
0.17418E+02
0.17601E+02
0.17772E+02
0.17928E+02
0.18066E+02
0.18186E+02
0.18286E+02
0.18362E+02
0.18412E+02
0.18436E+02
0.18438E+02
0.18420E+02
0.18385E+02
0.18335E+02
0.18275E+02
0.18208E+02
0.18136E+02
0.18065E+02
0.17999E+02
0.17946E+02
0.17907E+02
0.17885E+02
0.17883E+02
0.17904E+02
0.17949E+02
0.18018E+02
0.18116E+02
0.18242E+02
0.18398E+02
0.18580E+02
0.18785E+02
0.19010E+02
0.19252E+02
0.19510E+02
0.19780E+02
0.20054E+02
0.20322E+02
0.20574E+02
0.20804E+02
0.21002E+02
0.21161E+02
0.21270E+02
0.21324E+02
0.21316E+02
0.21243E+02
0.21098E+02
0.20884E+02
0.20604E+02
0.20260E+02
0.19861E+02
0.19415E+02
0.18932E+02
0.18422E+02
0.17897E+02
0.17370E+02
0.16848E+02
0.16344E+02
0.15864E+02
0.15421E+02
0.15024E+02
0.14681E+02
0.14398E+02
0.14183E+02
0.14041E+02
0.13975E+02
0.13988E+02
0.14078E+02
0.14245E+02
0.14488E+02
0.14801E+02
0.15180E+02
0.15620E+02
0.16116E+02
0.16658E+02
0.17235E+02
0.17835E+02
0.18444E+02
0.19049E+02
0.19636E+02
0.20192E+02
0.20706E+02
0.21162E+02
0.21548E+02
0.21852E+02
0.22069E+02
0.22193E+02
0.22220E+02
0.22151E+02
0.21988E+02
0.21737E+02
0.21403E+02
0.20994E+02
0.20524E+02
0.20009E+02
0.19462E+02
0.18895E+02
0.18316E+02
0.17735E+02
0.17164E+02
0.16613E+02
0.16090E+02
0.15605E+02
0.15162E+02
0.14767E+02
0.14424E+02
0.14143E+02
0.13927E+02
0.13780E+02
0.13707E+02
0.13707E+02
0.13785E+02
0.13943E+02
0.14181E+02
0.14498E+02
0.14891E+02
0.15357E+02
0.15892E+02
0.16486E+02
0.17126E+02
0.17804E+02
0.18504E+02
0.19214E+02
0.19918E+02
0.20598E+02
0.21240E+02
0.21822E+02
0.22330E+02
0.22751E+02
0.23073E+02
0.23286E+02
0.23390E+02
0.23385E+02
0.23273E+02
0.23063E+02
0.22768E+02
0.22397E+02
0.21966E+02
0.21490E+02
0.20985E+02
0.20466E+02
0.19945E+02
0.19436E+02
0.18947E+02
0.18486E+02
0.18058E+02
0.17667E+02
0.17314E+02
0.16998E+02
0.16720E+02
0.16478E+02
0.16270E+02
0.16095E+02
0.15947E+02
0.15825E+02
0.15729E+02
0.15656E+02
0.15606E+02
0.15579E+02
0.15574E+02
0.15592E+02
0.15632E+02
0.15698E+02
0.15791E+02
0.15909E+02
0.16051E+02
0.16218E+02
0.16410E+02
0.16624E+02
0.16863E+02
0.17123E+02
0.17399E+02
0.17688E+02
0.17988E+02
0.18295E+02
0.18606E+02
0.18914E+02
0.19214E+02
0.19501E+02
0.19772E+02
0.20022E+02
0.20242E+02
0.20424E+02
0.20562E+02
0.20648E+02
0.20681E+02
0.20660E+02
0.20584E+02
0.20452E+02
0.20266E+02
0.20033E+02
0.19762E+02
0.19463E+02
0.19147E+02
0.18825E+02
0.18510E+02
0.18211E+02
0.17935E+02
0.17689E+02
0.17480E+02
0.17311E+02
0.17180E+02
0.17087E+02
0.17030E+02
0.17005E+02
0.17007E+02
0.17027E+02
0.17064E+02
0.17111E+02
0.17165E+02
0.17224E+02
0.17282E+02
0.17339E+02
0.17390E+02
0.17434E+02
0.17470E+02
0.17497E+02
0.17514E+02
0.17524E+02
0.17532E+02
0.17537E+02
0.17541E+02
0.17546E+02
0.17557E+02
0.17578E+02
0.17613E+02
0.17665E+02
0.17737E+02
0.17830E+02
0.17944E+02
0.18079E+02
0.18239E+02
0.18423E+02
0.18630E+02
0.18852E+02
0.19086E+02
0.19328E+02
0.19570E+02
0.19806E+02
0.20033E+02
0.20244E+02
0.20432E+02
0.20590E+02
0.20714E+02
0.20801E+02
0.20847E+02
0.20850E+02
0.20808E+02
0.20725E+02
0.20605E+02
0.20448E+02
0.20260E+02
0.20043E+02
0.19801E+02
0.19539E+02
0.19260E+02
0.18970E+02
0.18675E+02
0.18380E+02
0.18088E+02
0.17807E+02
0.17539E+02
0.17288E+02
0.17060E+02
0.16859E+02
0.16688E+02
0.16548E+02
0.16443E+02
0.16375E+02
0.16343E+02
0.16346E+02
0.16382E+02
0.16449E+02
0.16541E+02
0.16651E+02
0.16774E+02
0.16902E+02
0.17029E+02
0.17150E+02
0.17258E+02
0.17346E+02
0.17412E+02
0.17452E+02
0.17465E+02
0.17449E+02
0.17403E+02
0.17330E+02
0.17230E+02
0.17103E+02
0.16955E+02
0.16793E+02
0.16620E+02
0.16440E+02
0.16262E+02
0.16087E+02
0.15920E+02
0.15768E+02
0.15639E+02
0.15536E+02
0.15466E+02
0.15431E+02
0.15437E+02
0.15483E+02
0.15571E+02
0.15701E+02
0.15875E+02
0.16092E+02
0.16350E+02
0.16645E+02
0.16974E+02
0.17334E+02
0.17724E+02
0.18138E+02
0.18572E+02
0.19018E+02
0.19471E+02
0.19922E+02
0.20367E+02
0.20799E+02
0.21214E+02
0.21608E+02
0.21976E+02
0.22312E+02
0.22609E+02
0.22859E+02
0.23058E+02
0.23203E+02
0.23290E+02
0.23318E+02
0.23283E+02
0.23185E+02
0.23028E+02
0.22809E+02
0.22531E+02
0.22198E+02
0.21816E+02
0.21387E+02
0.20918E+02
0.20418E+02
0.19894E+02
0.19355E+02
0.18809E+02
0.18267E+02
0.17739E+02
0.17234E+02
0.16761E+02
0.16324E+02
0.15927E+02
0.15575E+02
0.15273E+02
0.15021E+02
0.14816E+02
0.14658E+02
0.14548E+02
0.14484E+02
0.14466E+02
0.14492E+02
0.14556E+02
0.14657E+02
0.14791E+02
0.14957E+02
0.15157E+02
0.15389E+02
0.15653E+02
0.15945E+02
0.16262E+02
0.16600E+02
0.16954E+02
0.17323E+02
0.17701E+02
0.18082E+02
0.18457E+02
0.18821E+02
0.19171E+02
0.19502E+02
0.19809E+02
0.20086E+02
0.20330E+02
0.20537E+02
0.20705E+02
0.20834E+02
0.20921E+02
0.20969E+02
0.20981E+02
0.20963E+02
0.20916E+02
0.20840E+02
0.20741E+02
0.20626E+02
0.20495E+02
0.20348E+02
0.20189E+02
0.20018E+02
0.19833E+02
0.19638E+02
0.19432E+02
0.19213E+02
0.18984E+02
0.18743E+02
0.18492E+02
0.18234E+02
0.17975E+02
0.17715E+02
0.17456E+02
0.17203E+02
0.16962E+02
0.16736E+02
0.16531E+02
0.16348E+02
0.16192E+02
0.16068E+02
0.15982E+02
0.15935E+02
0.15927E+02
0.15957E+02
0.16024E+02
0.16128E+02
0.16266E+02
0.16436E+02
0.16634E+02
0.16857E+02
0.17097E+02
0.17351E+02
0.17615E+02
0.17883E+02
0.18150E+02
0.18415E+02
0.18674E+02
0.18925E+02
0.19167E+02
0.19396E+02
0.19609E+02
0.19805E+02
0.19978E+02
0.20122E+02
0.20234E+02
0.20311E+02
0.20347E+02
0.20339E+02
0.20285E+02
0.20187E+02
0.20050E+02
0.19878E+02
0.19672E+02
0.19438E+02
0.19185E+02
0.18914E+02
0.18635E+02
0.18352E+02
0.18070E+02
0.17794E+02
0.17529E+02
0.17282E+02
0.17055E+02
0.16851E+02
0.16670E+02
0.16512E+02
0.16380E+02
0.16272E+02
0.16188E+02
0.16125E+02
0.16083E+02
0.16062E+02
0.16060E+02
0.16076E+02
0.16105E+02
0.16146E+02
0.16196E+02
0.16257E+02
0.16325E+02
0.16399E+02
0.16480E+02
0.16570E+02
0.16671E+02
0.16785E+02
0.16912E+02
0.17054E+02
0.17214E+02
0.17395E+02
0.17598E+02
0.17823E+02
0.18070E+02
0.18337E+02
0.18620E+02
0.18917E+02
0.19222E+02
0.19527E+02
0.19826E+02
0.20109E+02
0.20369E+02
0.20596E+02
0.20782E+02
0.20917E+02
0.20998E+02
0.21024E+02
0.20992E+02
0.20900E+02
0.20751E+02
0.20546E+02
0.20288E+02
0.19982E+02
0.19637E+02
0.19262E+02
0.18868E+02
0.18464E+02
0.18059E+02
0.17659E+02
0.17272E+02
0.16906E+02
0.16568E+02
0.16269E+02
0.16011E+02
0.15799E+02
0.15637E+02
0.15527E+02
0.15476E+02
0.15483E+02
0.15547E+02
0.15667E+02
0.15841E+02
0.16067E+02
0.16344E+02
0.16664E+02
0.17023E+02
0.17417E+02
0.17837E+02
0.18277E+02
0.18729E+02
0.19181E+02
0.19624E+02
0.20049E+02
0.20447E+02
0.20809E+02
0.21126E+02
0.21392E+02
0.21602E+02
0.21752E+02
0.21841E+02
0.21868E+02
0.21833E+02
0.21737E+02
0.21585E+02
0.21383E+02
0.21139E+02
0.20859E+02
0.20548E+02
0.20214E+02
0.19866E+02
0.19510E+02
0.19150E+02
0.18790E+02
0.18435E+02
0.18088E+02
0.17752E+02
0.17429E+02
0.17123E+02
0.16837E+02
0.16573E+02
0.16331E+02
0.16112E+02
0.15919E+02
0.15750E+02
0.15605E+02
0.15486E+02
0.15392E+02
0.15324E+02
0.15285E+02
0.15278E+02
0.15304E+02
0.15361E+02
0.15448E+02
0.15567E+02
0.15720E+02
0.15907E+02
0.16127E+02
0.16381E+02
0.16668E+02
0.16986E+02
0.17334E+02
0.17709E+02
0.18107E+02
0.18521E+02
0.18946E+02
0.19376E+02
0.19803E+02
0.20217E+02
0.20608E+02
0.20966E+02
0.21282E+02
0.21547E+02
0.21751E+02
0.21886E+02
0.21943E+02
0.21918E+02
0.21810E+02
0.21621E+02
0.21356E+02
0.21025E+02
0.20637E+02
0.20204E+02
0.19737E+02
0.19252E+02
0.18763E+02
0.18285E+02
0.17830E+02
0.17406E+02
0.17023E+02
0.16686E+02
0.16396E+02
0.16155E+02
0.15961E+02
0.15809E+02
0.15696E+02
0.15616E+02
0.15563E+02
0.15532E+02
0.15518E+02
0.15518E+02
0.15529E+02
0.15546E+02
0.15569E+02
0.15596E+02
0.15629E+02
0.15671E+02
0.15724E+02
0.15788E+02
0.15868E+02
0.15970E+02
0.16098E+02
0.16254E+02
0.16441E+02
0.16660E+02
0.16915E+02
0.17207E+02
0.17532E+02
0.17888E+02
0.18273E+02
0.18683E+02
0.19109E+02
0.19541E+02
0.19970E+02
0.20388E+02
0.20786E+02
0.21153E+02
0.21479E+02
0.21753E+02
0.21964E+02
0.22107E+02
0.22179E+02
0.22179E+02
0.22104E+02
0.21957E+02
0.21743E+02
0.21462E+02
0.21120E+02
0.20726E+02
0.20294E+02
0.19831E+02
0.19348E+02
0.18857E+02
0.18368E+02
0.17893E+02
0.17441E+02
0.17016E+02
0.16626E+02
0.16275E+02
0.15967E+02
0.15702E+02
0.15479E+02
0.15299E+02
0.15164E+02
0.15071E+02
0.15018E+02
0.15004E+02
0.15028E+02
0.15088E+02
0.15183E+02
0.15312E+02
0.15472E+02
0.15662E+02
0.15882E+02
0.16130E+02
0.16403E+02
0.16699E+02
0.17016E+02
0.17350E+02
0.17695E+02
0.18044E+02
0.18393E+02
0.18738E+02
0.19074E+02
0.19395E+02
0.19693E+02
0.19966E+02
0.20208E+02
0.20414E+02
0.20579E+02
0.20703E+02
0.20783E+02
0.20816E+02
0.20805E+02
0.20753E+02
0.20659E+02
0.20525E+02
0.20351E+02
0.20140E+02
0.19896E+02
0.19627E+02
0.19343E+02
0.19046E+02
0.18743E+02
0.18444E+02
0.18156E+02
0.17888E+02
0.17649E+02
0.17446E+02
0.17286E+02
0.17177E+02
0.17124E+02
0.17133E+02
0.17204E+02
0.17336E+02
0.17531E+02
0.17784E+02
0.18090E+02
0.18439E+02
0.18823E+02
0.19232E+02
0.19656E+02
0.20079E+02
0.20485E+02
0.20863E+02
0.21203E+02
0.21489E+02
0.21712E+02
0.21862E+02
0.21933E+02
0.21924E+02
0.21832E+02
0.21655E+02
0.21397E+02
0.21063E+02
0.20662E+02
0.20202E+02
0.19694E+02
0.19150E+02
0.18580E+02
0.17997E+02
0.17411E+02
0.16830E+02
0.16265E+02
0.15725E+02
0.15215E+02
0.14741E+02
0.14305E+02
0.13913E+02
0.13567E+02
0.13270E+02
0.13022E+02
0.12824E+02
0.12679E+02
0.12587E+02
0.12545E+02
0.12553E+02
0.12612E+02
0.12722E+02
0.12882E+02
0.13093E+02
0.13356E+02
0.13671E+02
0.14041E+02
0.14462E+02
0.14933E+02
0.15454E+02
0.16025E+02
0.16642E+02
0.17302E+02
0.17998E+02
0.18724E+02
0.19470E+02
0.20223E+02
0.20967E+02
0.21686E+02
0.22363E+02
0.22980E+02
0.23519E+02
0.23962E+02
0.24298E+02
0.24515E+02
0.24608E+02
0.24571E+02
0.24408E+02
0.24126E+02
0.23739E+02
0.23263E+02
0.22718E+02
0.22125E+02
0.21505E+02
0.20877E+02
0.20255E+02
0.19655E+02
0.19087E+02
0.18561E+02
0.18084E+02
0.17656E+02
0.17278E+02
0.16947E+02
0.16661E+02
0.16418E+02
0.16213E+02
0.16044E+02
0.15905E+02
0.15793E+02
0.15706E+02
0.15645E+02
0.15607E+02
0.15588E+02
