   1  48   1   0  0.1647849E+02  0.3000000E+04
  CAR 
 Ir_Ru                                   
   0   0   0
   1   1
 256 256 256
 256
  0.1000000E-09
  0.6250000E-11
   6
  0.1500000E-14  0.7164579E-09  0.1001836E-08  0.1173839E-08
  0.2990657E+04  0.2992409E+04
  0.000
  0.000
  0.000
  0.000
  0.000
  0.000
  0.000
  0.000
  0.000
  0.000
  0.000
  0.000
  0.000
  0.000
  0.000
  0.000
  0.000
  0.000
  0.000
  0.000
  0.000
  0.000
  0.000
  0.000
  0.000
  0.000
  0.000
  0.000
  0.000
  0.000
  0.000
  0.005
  0.046
  0.120
  0.215
  0.436
  0.885
  1.190
  1.657
  1.898
  2.159
  2.340
  2.185
  2.226
  2.006
  1.785
  1.650
  1.444
  1.232
  1.104
  1.025
  0.869
  0.861
  0.748
  0.723
  0.746
  0.681
  0.685
  0.616
  0.639
  0.735
  0.731
  0.772
  0.743
  0.713
  0.816
  0.852
  0.895
  0.913
  0.948
  0.953
  0.991
  1.062
  1.126
  1.099
  1.101
  1.143
  1.248
  1.194
  1.192
  1.147
  1.168
  1.181
  1.155
  1.179
  1.110
  1.062
  1.047
  0.972
  0.948
  0.931
  0.966
  0.932
  0.922
  0.873
  0.844
  0.876
  0.850
  0.874
  0.906
  0.933
  0.956
  0.963
  0.950
  0.963
  0.976
  0.959
  0.971
  0.963
  0.975
  0.978
  1.008
  1.040
  1.007
  0.997
  1.013
  1.001
  0.983
  1.036
  1.013
  1.031
  1.020
  0.977
  1.004
  0.998
  0.964
  0.978
  0.975
  0.952
  0.961
  0.942
  0.956
  0.972
  0.960
  0.965
  0.964
  0.974
  0.972
  0.997
  1.006
  1.012
  1.000
  1.012
  1.006
  0.986
  0.991
  1.004
  1.001
  1.012
  1.022
  1.017
  1.022
  1.022
  1.026
  0.992
  0.982
  0.972
  0.980
  0.967
  0.984
  0.979
  0.967
  0.959
  0.964
  0.966
  0.951
  0.952
  0.964
  0.973
  0.974
  0.976
  0.979
  0.965
  0.944
  0.958
  0.951
  0.972
  0.975
  0.987
  0.995
  0.989
  0.987
  0.975
  0.973
  0.963
  0.986
  0.994
  0.973
  0.999
  0.991
  0.993
  0.992
  1.010
  0.989
  1.003
  0.992
  0.992
  0.989
  0.968
  0.947
  0.980
  0.967
  0.959
  0.952
  0.959
  0.952
  0.963
  0.962
  0.959
  0.966
  0.969
  0.967
  0.977
  0.990
  0.979
  0.984
  1.001
  0.981
  0.971
  0.956
  0.960
  0.977
  0.962
  0.976
  0.969
  0.972
  0.960
  0.965
  0.951
  0.946
  0.961
  0.953
  0.960
  0.959
  0.954
  0.952
  0.966
  0.972
  0.971
  0.978
  0.959
  0.962
  0.966
  0.958
  0.979
  1.003
  0.990
  0.986
  0.992
  0.981
  0.985
  0.992
  1.014
  1.001
  1.005
  0.987
  0.3009135E+04  0.4009836E+04
  0.000
  0.000
  0.000
  0.000
  0.000
  0.000
  0.000
  0.000
  0.000
  0.000
  0.000
  0.000
  0.000
  0.000
  0.000
  0.000
  0.000
  0.000
  0.000
  0.000
  0.000
  0.000
  0.000
  0.000
  0.000
  0.000
  0.000
  0.000
  0.000
  0.000
  0.000
  0.004
  0.027
  0.065
  0.179
  0.444
  0.790
  1.209
  1.526
  2.024
  2.273
  2.238
  2.180
  2.217
  2.041
  1.955
  1.659
  1.448
  1.227
  1.126
  1.068
  0.936
  0.836
  0.783
  0.791
  0.691
  0.686
  0.701
  0.628
  0.605
  0.610
  0.631
  0.659
  0.685
  0.696
  0.721
  0.767
  0.834
  0.856
  0.941
  0.972
  1.099
  1.179
  1.163
  1.184
  1.166
  1.176
  1.221
  1.286
  1.257
  1.284
  1.256
  1.187
  1.094
  1.093
  1.075
  1.061
  1.039
  0.978
  0.933
  0.918
  0.897
  0.899
  0.874
  0.840
  0.827
  0.851
  0.843
  0.860
  0.897
  0.906
  0.903
  0.906
  0.938
  0.929
  0.942
  1.011
  1.005
  1.039
  1.016
  1.017
  1.058
  1.049
  1.042
  1.034
  1.074
  1.034
  1.022
  1.025
  1.020
  1.030
  1.008
  1.035
  1.035
  1.029
  0.938
  0.936
  0.903
  0.896
  0.905
  0.913
  0.942
  0.936
  0.924
  0.942
  0.948
  0.959
  0.967
  0.987
  0.988
  0.981
  0.994
  0.991
  1.019
  1.053
  1.041
  1.069
  1.067
  1.047
  1.039
  1.031
  1.008
  1.014
  1.018
  1.021
  0.991
  0.975
  0.989
  0.981
  0.978
  0.970
  0.956
  0.954
  0.935
  0.937
  0.950
  0.953
  0.956
  0.948
  0.942
  0.962
  0.946
  0.965
  0.938
  0.960
  0.973
  0.970
  0.981
  0.995
  0.982
  0.976
  0.989
  1.008
  1.014
  1.024
  0.999
  0.997
  0.998
  0.984
  0.984
  0.970
  1.007
  0.991
  0.971
  0.967
  0.947
  0.953
  0.978
  0.984
  0.962
  0.984
  0.970
  0.971
  0.974
  0.970
  0.964
  0.960
  0.974
  0.987
  0.986
  0.978
  0.987
  0.975
  0.984
  0.967
  0.968
  0.966
  0.946
  0.943
  0.956
  0.958
  0.976
  0.966
  0.968
  0.962
  0.967
  0.950
  0.951
  0.969
  0.964
  0.956
  0.969
  0.972
  0.972
  0.976
  0.948
  0.946
  0.953
  0.962
  0.973
  0.982
  0.970
  0.981
  0.983
  1.000
  0.996
  1.008
  0.993
  0.989
  1.001
  0.994
  0.991
  0.995
  0.986
  0.996
  1.001
  0.3001925E+04  0.4992089E+04
  0.000
  0.000
  0.000
  0.000
  0.000
  0.000
  0.000
  0.000
  0.000
  0.000
  0.000
  0.000
  0.000
  0.000
  0.000
  0.000
  0.000
  0.000
  0.000
  0.000
  0.000
  0.000
  0.000
  0.000
  0.000
  0.000
  0.000
  0.000
  0.000
  0.000
  0.000
  0.003
  0.032
  0.101
  0.236
  0.466
  0.783
  1.334
  1.724
  1.931
  2.256
  2.239
  2.260
  2.074
  1.987
  1.726
  1.573
  1.380
  1.188
  1.066
  0.999
  0.899
  0.875
  0.786
  0.816
  0.745
  0.725
  0.761
  0.719
  0.643
  0.605
  0.682
  0.701
  0.773
  0.770
  0.779
  0.811
  0.890
  0.928
  0.963
  1.033
  1.037
  1.059
  1.085
  1.130
  1.101
  1.112
  1.133
  1.142
  1.268
  1.213
  1.191
  1.181
  1.110
  1.104
  1.067
  1.028
  1.032
  1.031
  1.006
  0.992
  0.962
  0.940
  0.904
  0.889
  0.857
  0.841
  0.870
  0.887
  0.935
  0.914
  0.900
  0.937
  0.958
  0.939
  0.953
  0.969
  0.989
  1.014
  1.011
  1.017
  1.011
  0.993
  0.983
  1.009
  1.027
  0.998
  1.009
  1.043
  1.017
  1.018
  0.995
  0.964
  0.996
  0.992
  0.990
  0.970
  0.949
  0.942
  0.957
  0.974
  0.955
  0.941
  0.960
  0.942
  0.966
  0.970
  0.979
  0.962
  1.007
  1.023
  1.034
  1.030
  1.024
  1.007
  1.015
  1.013
  1.006
  1.034
  1.002
  1.015
  1.025
  1.010
  0.977
  1.000
  0.999
  0.998
  0.984
  0.967
  0.971
  0.960
  0.957
  0.952
  0.947
  0.941
  0.934
  0.922
  0.949
  0.951
  0.986
  0.956
  1.003
  0.990
  0.987
  1.000
  1.017
  0.997
  0.984
  0.989
  0.984
  0.976
  0.974
  0.983
  0.995
  0.969
  0.971
  0.988
  0.977
  0.980
  0.962
  0.972
  0.967
  0.978
  0.978
  0.980
  0.985
  0.978
  0.973
  0.981
  0.979
  0.971
  0.959
  0.957
  0.966
  0.966
  0.973
  0.964
  0.973
  0.961
  0.986
  1.009
  1.002
  1.004
  0.997
  0.994
  0.976
  0.975
  0.974
  0.953
  0.960
  0.960
  0.959
  0.975
  0.958
  0.962
  0.964
  0.939
  0.945
  0.946
  0.958
  0.936
  0.936
  0.941
  0.947
  0.947
  0.955
  0.955
  0.955
  0.965
  0.956
  0.977
  0.990
  0.998
  1.016
  1.001
  1.008
  1.003
  0.994
  0.995
  1.009
  1.018
  1.022
  1.008
  0.990
  0.985
  0.984
  0.3001124E+04  0.3205264E+04
  0.000
  0.000
  0.000
  0.000
  0.000
  0.000
  0.000
  0.000
  0.000
  0.000
  0.000
  0.000
  0.000
  0.000
  0.000
  0.000
  0.000
  0.000
  0.000
  0.000
  0.000
  0.000
  0.000
  0.000
  0.000
  0.000
  0.000
  0.000
  0.000
  0.000
  0.000
  0.016
  0.074
  0.158
  0.239
  0.475
  0.825
  1.201
  1.602
  2.052
  2.246
  2.239
  2.206
  2.070
  1.873
  1.720
  1.556
  1.385
  1.236
  1.106
  0.994
  0.947
  0.844
  0.828
  0.800
  0.756
  0.761
  0.733
  0.745
  0.692
  0.733
  0.728
  0.744
  0.725
  0.790
  0.789
  0.801
  0.902
  0.917
  0.879
  0.930
  0.961
  1.028
  1.122
  1.105
  1.113
  1.115
  1.143
  1.162
  1.174
  1.200
  1.158
  1.124
  1.116
  1.116
  1.113
  1.061
  1.040
  1.030
  0.995
  1.008
  0.982
  0.959
  0.957
  0.932
  0.915
  0.948
  0.937
  0.908
  0.904
  0.871
  0.899
  0.933
  0.944
  0.911
  0.913
  0.936
  0.961
  0.957
  0.987
  0.993
  0.975
  0.987
  0.969
  1.022
  1.023
  1.016
  1.021
  1.008
  1.012
  0.992
  1.008
  1.000
  0.982
  0.971
  0.987
  1.007
  0.969
  0.941
  0.975
  0.992
  0.997
  0.990
  1.005
  0.977
  0.973
  1.005
  1.002
  0.996
  1.003
  0.968
  0.973
  0.974
  0.964
  0.971
  0.987
  1.004
  1.009
  1.002
  1.006
  1.018
  0.998
  0.998
  1.027
  0.991
  0.994
  0.991
  0.981
  0.975
  0.968
  0.958
  0.956
  0.952
  0.967
  0.970
  0.979
  1.003
  0.974
  0.979
  0.962
  0.973
  0.972
  0.979
  1.004
  1.005
  1.010
  0.994
  0.989
  0.986
  0.963
  0.952
  0.937
  0.946
  0.960
  0.952
  0.945
  0.953
  0.969
  0.973
  0.984
  0.993
  0.984
  0.988
  0.992
  0.998
  0.978
  0.980
  0.979
  0.971
  0.979
  0.997
  0.986
  0.991
  0.999
  0.980
  0.984
  0.991
  0.960
  0.983
  0.980
  0.991
  1.007
  0.988
  0.989
  0.986
  0.974
  0.970
  0.944
  0.943
  0.941
  0.936
  0.935
  0.945
  0.929
  0.925
  0.941
  0.950
  0.958
  0.970
  0.955
  0.968
  0.971
  0.965
  0.962
  0.962
  0.964
  0.965
  0.968
  0.974
  0.983
  0.969
  0.988
  1.001
  1.008
  1.017
  1.008
  1.007
  1.002
  1.002
  0.998
  0.984
  0.975
  0.985
  0.993
  0.982
  0.981
  0.2984097E+04  0.3043327E+04
  0.000
  0.000
  0.000
  0.000
  0.000
  0.000
  0.000
  0.000
  0.000
  0.000
  0.000
  0.000
  0.000
  0.000
  0.000
  0.000
  0.000
  0.000
  0.000
  0.000
  0.000
  0.000
  0.000
  0.000
  0.000
  0.000
  0.000
  0.000
  0.000
  0.000
  0.000
  0.005
  0.024
  0.108
  0.249
  0.456
  0.765
  1.157
  1.676
  2.023
  2.249
  2.373
  2.180
  2.071
  2.075
  1.762
  1.612
  1.433
  1.311
  1.138
  1.001
  0.856
  0.778
  0.780
  0.772
  0.743
  0.712
  0.665
  0.660
  0.663
  0.676
  0.724
  0.704
  0.730
  0.763
  0.760
  0.788
  0.845
  0.874
  0.953
  0.984
  1.036
  1.079
  1.094
  1.127
  1.219
  1.203
  1.215
  1.205
  1.199
  1.153
  1.193
  1.155
  1.167
  1.129
  1.070
  1.014
  1.034
  1.016
  1.005
  0.950
  0.937
  0.880
  0.881
  0.868
  0.883
  0.915
  0.909
  0.905
  0.895
  0.865
  0.886
  0.923
  0.925
  0.952
  0.933
  0.947
  1.004
  1.041
  1.059
  1.033
  1.052
  1.038
  0.989
  0.954
  0.960
  0.976
  0.989
  1.028
  1.027
  1.033
  0.997
  0.978
  0.996
  0.992
  1.018
  1.010
  1.002
  1.002
  1.000
  0.981
  0.966
  0.935
  0.908
  0.923
  0.919
  0.927
  0.971
  0.960
  0.966
  0.973
  0.968
  0.983
  0.997
  0.994
  1.021
  1.024
  1.042
  1.056
  1.039
  1.027
  1.033
  1.054
  1.043
  1.028
  1.000
  0.986
  1.002
  0.978
  0.988
  0.963
  0.966
  0.983
  0.962
  0.952
  0.940
  0.925
  0.938
  0.952
  0.957
  0.960
  0.932
  0.932
  0.941
  0.957
  0.963
  0.950
  0.958
  0.972
  0.986
  1.002
  1.006
  1.012
  0.993
  1.004
  1.013
  1.001
  1.025
  1.031
  0.986
  0.991
  0.973
  0.983
  0.968
  0.970
  0.982
  0.983
  0.967
  0.961
  0.970
  0.974
  0.961
  0.975
  0.987
  0.987
  0.958
  0.970
  0.955
  0.944
  0.964
  0.972
  0.960
  0.955
  0.954
  0.969
  0.974
  0.965
  0.967
  0.980
  0.989
  0.971
  0.979
  0.990
  0.978
  0.984
  0.979
  0.959
  0.951
  0.958
  0.956
  0.946
  0.945
  0.963
  0.949
  0.950
  0.963
  0.953
  0.954
  0.966
  0.966
  0.989
  0.985
  0.989
  0.987
  0.995
  0.975
  0.988
  0.992
  0.983
  0.986
  0.986
  0.980
  0.975
  0.985
  0.992
  1.011
  0.3003908E+04  0.2980434E+04
  0.000
  0.000
  0.000
  0.000
  0.000
  0.000
  0.000
  0.000
  0.000
  0.000
  0.000
  0.000
  0.000
  0.000
  0.000
  0.000
  0.000
  0.000
  0.000
  0.000
  0.000
  0.000
  0.000
  0.000
  0.000
  0.000
  0.000
  0.000
  0.000
  0.000
  0.000
  0.010
  0.049
  0.078
  0.205
  0.358
  0.779
  1.178
  1.495
  1.992
  2.168
  2.306
  2.373
  2.139
  1.982
  1.884
  1.660
  1.451
  1.280
  1.110
  1.039
  0.891
  0.890
  0.835
  0.785
  0.738
  0.682
  0.674
  0.659
  0.652
  0.633
  0.646
  0.674
  0.710
  0.749
  0.807
  0.878
  0.867
  0.889
  0.923
  0.968
  1.007
  1.068
  1.060
  1.084
  1.136
  1.184
  1.162
  1.214
  1.244
  1.198
  1.136
  1.191
  1.245
  1.165
  1.089
  1.081
  1.039
  1.016
  0.981
  0.970
  0.940
  0.921
  0.912
  0.892
  0.885
  0.866
  0.882
  0.873
  0.835
  0.874
  0.878
  0.879
  0.907
  0.961
  0.956
  0.967
  0.979
  1.039
  1.010
  1.027
  1.008
  1.004
  0.984
  1.013
  1.026
  1.024
  1.033
  1.016
  1.051
  1.066
  1.030
  1.016
  1.021
  0.979
  0.977
  0.953
  0.979
  0.971
  0.956
  0.953
  0.923
  0.903
  0.916
  0.928
  0.948
  0.942
  0.953
  0.975
  0.978
  1.006
  0.971
  1.000
  1.021
  1.010
  1.025
  1.021
  1.015
  1.037
  1.050
  1.068
  1.076
  1.040
  1.056
  1.027
  1.012
  0.989
  0.970
  0.959
  0.953
  0.964
  0.942
  0.928
  0.943
  0.937
  0.936
  0.932
  0.958
  0.952
  0.938
  0.943
  0.952
  0.968
  0.979
  1.000
  0.976
  0.985
  0.990
  1.002
  0.991
  0.999
  0.998
  0.981
  0.993
  0.974
  0.972
  0.984
  0.977
  0.986
  0.997
  0.990
  0.974
  0.983
  0.998
  0.990
  0.993
  0.982
  0.973
  0.987
  0.980
  0.970
  0.968
  0.962
  0.971
  0.973
  0.974
  0.957
  0.947
  0.965
  0.962
  0.981
  0.987
  0.977
  0.966
  0.979
  0.971
  0.955
  0.960
  0.965
  0.979
  0.970
  0.973
  0.970
  0.975
  0.951
  0.945
  0.938
  0.955
  0.964
  0.957
  0.955
  0.966
  0.965
  0.964
  0.979
  0.958
  0.968
  0.973
  0.968
  0.984
  0.968
  0.971
  0.981
  0.993
  0.994
  0.980
  0.988
  0.992
  0.993
  0.976
  0.985
  1.009
  0.990
  0.987
  0.977
  0.985
