9.75
9.54
9.71
10.05
10.16
10.82
11.55
12.49
13.39
15.00
16.12
17.26
18.36
19.39
20.40
21.38
22.14
22.75
23.45
24.09
24.52
24.44
24.12
23.89
23.58
22.98
22.45
22.07
21.75
21.24
21.11
20.34
19.82
19.38
19.12
19.31
19.21
19.17
19.01
19.20
19.22
19.29
19.54
19.75
19.95
19.96
20.04
20.14
20.40
20.60
21.32
21.70
22.06
22.70
22.83
23.02
23.30
23.59
23.74
24.09
24.08
23.87
23.44
23.13
22.73
22.30
21.91
21.10
19.81
18.60
17.33
16.28
14.59
12.91
11.43
9.90
8.14
6.56
4.94
3.28
1.58
0.17
-1.31
-2.92
-3.66
-4.92
-5.97
-6.91
-7.52
-7.93
-8.20
-8.75
-8.69
-9.02
-9.18
-9.09
-8.75
-8.60
-8.66
-8.63
-8.67
-8.07
-8.00
-7.91
-8.11
-8.20
-8.33
-8.48
-9.11
-9.79
-10.14
-10.37
-10.70
-10.87
-11.38
-11.62
-12.15
-12.37
-12.68
-12.98
-12.96
-12.79
-12.94
-12.92
-12.79
-12.59
-12.54
-12.31
-12.11
-11.52
-11.27
-11.46
-11.06
-10.96
-10.83
-11.01
-10.91
-11.15
-11.33
-11.26
-11.55
-11.69
-12.24
-12.57
-13.04
-13.43
-14.12
-14.87
-15.45
-16.17
-17.22
-18.04
-18.90
-19.69
-20.54
-21.67
-22.67
-23.63
-24.48
-25.60
-26.45
-27.57
-28.58
-29.62
-30.39
-31.01
-31.76
-32.70
-33.28
-33.65
-33.54
-33.68
-33.63
-33.49
-33.25
-32.75
-32.27
-31.52
-30.58
-29.41
-28.39
-27.19
-25.90
-24.47
-22.80
-20.97
-19.58
-17.52
-15.63
-13.81
-11.88
-9.75
-8.20
-6.49
-4.61
-3.01
-1.50
-0.07
1.15
2.46
3.86
5.25
6.65
7.70
8.66
9.61
10.49
11.48
12.39
13.16
14.25
15.08
15.74
16.06
16.43
16.82
16.87
17.17
16.98
16.96
16.70
16.66
16.39
16.20
15.52
14.56
13.78
12.94
11.82
10.73
9.19
7.86
6.36
4.63
2.93
1.12
-1.26
-3.14
-5.33
-7.37
-9.33
-11.39
-13.34
-15.33
-17.13
-18.76
-20.14
-21.43
-22.40
-22.96
-23.50
-23.83
-23.89
-23.81
-23.49
-22.95
-22.26
-21.47
-20.58
-19.61
-18.42
-17.42
-16.45
-15.64
-14.78
-14.17
-13.27
-12.59
-11.95
-11.15
-10.65
-10.08
-9.22
-8.88
-8.73
-8.02
-7.58
-6.79
-5.94
-5.10
-4.35
-3.57
-2.81
-2.31
-1.92
-1.12
-0.37
0.31
0.75
1.21
1.48
2.02
2.31
2.34
2.34
2.18
1.89
1.39
1.06
0.69
0.08
-0.77
-1.63
-2.34
-3.44
-4.26
-5.26
-6.07
-7.05
-7.88
-8.80
-9.65
-10.50
-11.32
-12.08
-12.65
-12.91
-13.72
-14.29
-14.72
-14.89
-15.07
-15.00
-14.61
-14.42
-13.83
-13.27
-12.44
-11.56
-10.59
-9.48
-8.25
-6.94
-5.42
-3.83
-2.18
-0.22
1.59
3.66
5.78
8.06
10.37
12.46
14.74
17.04
19.09
21.08
23.05
24.92
26.86
28.86
30.49
32.29
33.76
35.06
35.77
36.90
37.45
38.24
38.89
38.84
38.99
38.88
38.68
38.38
38.11
37.83
37.34
36.87
36.03
35.00
33.78
32.64
31.35
30.33
28.82
27.56
26.05
24.72
23.18
21.71
19.76
18.54
16.76
15.03
13.29
11.73
10.16
8.12
6.12
4.44
2.43
0.56
-1.28
-2.95
-4.88
-6.75
-8.58
-10.22
-11.73
-13.04
-13.95
-15.17
-15.95
-16.62
-17.23
-17.11
-17.05
-16.80
-16.22
-15.24
-14.41
-13.61
-12.14
-10.40
-8.76
-6.90
-4.43
-2.31
0.24
3.03
5.94
9.16
12.15
15.31
18.79
22.24
25.83
28.79
31.89
34.95
38.07
41.34
44.18
46.64
49.38
52.05
54.30
56.30
58.19
59.55
60.70
61.60
62.43
62.89
63.02
62.96
62.82
62.49
61.86
60.91
59.84
58.36
56.88
55.13
52.80
50.35
47.80
45.29
42.66
40.41
37.82
34.97
32.69
30.11
27.77
25.67
23.66
21.74
19.72
17.92
16.05
14.58
13.03
11.46
9.80
7.95
6.39
4.48
2.80
0.91
-1.28
-3.20
-5.35
-7.59
-9.84
-11.97
-14.01
-16.77
-18.95
-21.33
-23.83
-26.08
-28.10
-30.11
-31.91
-33.37
-34.60
-35.62
-36.32
-36.63
-36.23
-36.04
-35.41
-34.41
-33.01
-31.10
-28.98
-26.68
-23.79
-20.99
-17.97
-14.48
-11.24
-8.13
-4.71
-1.44
1.79
5.18
8.16
11.14
13.59
15.83
18.02
19.98
21.55
22.83
24.19
25.27
26.30
27.37
28.02
28.89
29.90
31.04
32.25
33.58
34.84
36.86
38.76
40.76
43.21
45.10
47.07
48.96
50.33
52.02
53.25
54.69
55.90
56.88
57.34
57.56
57.28
56.73
55.71
54.53
53.17
51.74
49.88
47.88
45.79
43.61
41.35
38.90
36.39
33.64
30.91
28.23
25.47
22.56
19.73
17.05
13.88
10.94
8.34
5.60
3.07
0.85
-1.62
-3.69
-5.78
-7.60
-9.56
-11.38
-12.82
-14.44
-15.90
-16.97
-17.94
-18.83
-19.52
-20.59
-21.32
-22.12
-22.73
-23.07
-23.74
-24.25
-24.81
-25.17
-25.64
-26.27
-26.77
-27.44
-27.98
-28.49
-29.01
-29.38
-29.89
-30.43
-31.13
-31.55
-31.72
-32.14
-32.31
-32.44
-32.61
-32.66
-32.37
-32.06
-31.55
-31.10
-30.30
-29.52
-28.47
-27.58
-26.43
-24.96
-23.92
-22.90
-21.95
-20.92
-20.03
-18.97
-17.97
-17.59
-17.05
-16.14
-15.81
-15.31
-15.14
-14.82
-14.58
-14.61
-14.41
-14.32
-14.57
-14.70
-15.30
-15.71
-16.16
-16.40
-17.18
-17.66
-17.94
-18.43
-18.87
-19.44
-19.87
-20.41
-20.56
-20.49
-20.55
-20.36
-20.24
-20.01
-19.70
-19.38
-19.12
-18.35
-17.99
-17.08
-16.68
-16.16
-15.53
-14.69
-14.10
-13.23
-12.74
-12.27
-11.62
-10.72
-10.19
-9.68
-9.32
-8.40
-8.07
-7.47
-7.16
-6.65
-6.41
-5.94
-5.78
-5.55
-5.52
-5.30
-4.89
-5.18
-5.61
-5.48
-5.65
-5.90
-6.12
-6.44
-6.67
-6.77
-6.85
-6.76
-6.43
-6.24
-6.32
-5.83
-5.02
-4.37
-3.82
-3.03
-2.16
-1.62
-0.47
0.84
1.67
3.12
4.10
5.45
6.53
7.62
8.67
9.59
10.24
10.65
10.89
11.34
11.28
10.69
9.70
9.01
7.74
5.94
4.46
2.79
1.08
-1.13
-3.27
-5.31
-7.34
-9.65
-11.84
-13.64
-15.70
-17.60
-19.39
-20.70
-21.98
-23.16
-24.18
-25.26
-26.06
-26.59
-27.21
-27.10
-27.08
-27.04
-26.71
-26.48
-26.28
-25.99
-25.40
-24.94
-24.28
-23.72
-22.74
-22.18
-21.58
-21.09
-20.69
-19.59
-18.94
-18.53
-17.98
-17.18
-16.71
-16.39
-15.54
-14.99
-14.80
-14.51
-13.99
-13.33
-13.10
-12.52
-11.87
-10.95
-10.51
-9.92
-9.18
-8.76
-7.90
-7.08
-6.19
-5.26
-4.17
-3.74
-3.10
-2.27
-1.69
-1.39
-0.84
-0.63
-0.30
-0.00
0.03
0.25
0.26
0.27
0.23
-0.01
0.01
0.04
0.29
0.38
0.74
0.96
1.07
1.69
1.94
2.39
2.95
3.30
4.30
5.00
5.83
6.37
6.95
7.74
8.22
8.52
8.64
8.97
8.82
8.59
8.62
8.45
7.86
7.51
6.97
6.65
5.65
4.69
3.92
3.31
2.41
1.74
0.73
0.20
-0.78
-1.49
-2.04
-2.68
-2.95
-3.06
-3.19
-3.07
-3.27
-3.09
-2.84
-2.65
-2.03
-1.52
-0.70
-0.09
0.24
0.65
1.47
1.88
2.14
2.21
2.31
2.35
2.32
2.06
1.80
1.44
0.77
-0.02
-0.61
-1.58
-2.53
-3.38
-4.38
-5.42
-6.94
-7.99
-8.81
-9.71
-10.23
-10.85
-11.33
-11.63
-11.93
-11.96
-12.11
-11.92
-11.79
-11.47
-10.93
-10.81
-10.48
-10.13
-9.23
-8.70
-8.22
-7.52
-7.01
-6.50
-6.15
-5.97
-5.63
-5.41
-5.29
-5.72
-5.51
-5.51
-5.70
-6.33
-6.60
-7.11
-7.68
-8.42
-9.52
-10.21
-11.31
-12.36
-13.29
-14.50
-15.59
-16.16
-16.88
-17.98
-18.46
-19.27
-19.76
-20.19
-20.50
-21.18
-21.77
-22.37
-23.03
-23.59
-24.07
-24.50
-25.25
-26.07
-26.81
-27.57
-28.20
-28.92
-29.62
-30.50
-31.53
-32.26
-32.89
-33.90
-34.29
-35.15
-36.01
-36.59
-36.86
-37.41
-37.74
-37.72
-37.59
-37.56
-37.30
-37.06
-36.96
-36.79
-36.53
-36.26
-36.00
-35.52
-34.99
-34.23
-33.78
-33.15
-32.59
-31.93
-31.46
-30.56
-29.98
-28.97
-28.01
-27.47
-26.83
-26.04
-25.70
-25.15
-24.21
-23.60
-23.07
-23.17
-23.44
-23.26
-23.05
-23.51
-23.33
-23.62
-23.80
-23.97
-24.43
-24.39
-24.66
-25.26
-25.25
-25.46
-25.52
-25.67
-25.92
-26.40
-26.59
-26.74
-26.94
-27.42
-27.92
-28.24
-28.68
-28.91
-29.57
-30.25
-30.75
-31.25
-31.89
-31.99
-31.74
-31.66
-31.63
-31.61
-31.54
-31.11
-30.46
-29.31
-28.44
-27.26
-25.80
-24.25
-22.67
-20.83
-19.00
-16.80
-15.02
-12.33
-9.96
-7.47
-4.80
-2.63
-0.22
2.29
4.90
7.02
9.52
11.36
13.37
15.27
16.77
18.28
19.76
20.73
21.65
21.99
22.46
22.64
22.67
22.24
22.00
21.53
21.15
20.27
19.75
18.90
18.47
17.77
17.23
16.56
15.99
15.60
15.12
15.09
15.30
15.63
16.10
16.17
16.64
17.22
17.86
18.49
18.87
19.11
19.55
19.94
19.75
19.52
19.28
18.42
17.57
16.27
15.02
13.49
11.49
9.49
7.14
4.78
2.08
-0.23
-2.47
-5.27
-7.83
-9.91
-12.19
-14.42
-16.30
-18.11
-19.68
-21.11
-22.14
-22.67
-22.98
-23.43
-23.49
-23.04
-22.96
-22.18
-21.51
-20.83
-20.12
-19.52
-18.54
-18.04
-17.74
-17.32
-17.37
-17.71
-18.20
-18.82
-19.69
-20.60
-21.71
-23.25
-24.89
-26.42
-28.22
-30.29
-31.97
-33.87
-35.43
-37.18
-38.47
-39.77
-40.77
-41.82
-42.34
-43.03
-43.17
-43.06
-42.59
-41.92
-41.05
-40.26
-38.74
-37.32
-35.89
-34.17
-32.29
-30.16
-28.18
-26.22
-24.32
-22.45
-20.40
-18.72
-17.30
-15.63
-14.18
-12.62
-11.29
-9.90
-8.67
-7.50
-6.27
-5.47
-4.30
-3.10
-2.16
-1.10
0.08
1.05
1.64
2.60
3.55
4.67
5.88
7.04
8.42
9.94
11.52
13.24
14.82
16.49
18.13
20.00
21.95
23.96
25.90
28.24
30.61
32.77
34.61
36.53
38.34
40.05
41.28
42.24
42.84
43.22
43.67
44.13
44.02
43.75
43.43
42.77
42.09
41.68
40.55
39.75
39.43
38.69
38.50
38.17
37.72
37.73
37.33
37.54
37.71
38.49
39.31
40.45
41.09
41.66
42.35
43.05
44.20
44.83
45.44
46.03
46.47
46.88
47.03
46.80
46.15
45.61
44.62
43.31
41.55
39.62
37.80
35.70
33.65
31.42
29.12
26.84
24.30
21.78
19.31
17.15
14.87
12.75
10.72
8.61
6.47
4.74
3.02
1.64
0.61
-0.33
-1.56
-2.72
-4.15
-5.06
-5.84
-6.87
-7.85
-8.73
-9.69
-10.65
-11.54
-12.46
-12.97
-13.70
-14.31
-14.72
-15.43
-16.25
-16.61
-17.05
-17.28
-17.76
-18.10
-18.63
-18.88
-18.92
-19.08
-19.14
-18.94
-18.84
-18.57
-18.28
-18.00
-17.50
-16.97
-16.27
-15.95
-14.86
-14.48
-13.91
-13.24
-12.40
-11.79
-11.24
-10.59
-9.89
-9.31
-8.50
-8.34
-7.72
-7.21
-6.84
-6.31
-5.52
-5.42
-5.02
-4.93
-5.00
-5.13
-5.33
-5.58
-5.86
-6.38
-6.66
-7.23
-7.63
-8.33
-8.95
-9.73
-10.10
-10.79
-11.41
-11.80
-12.04
-12.44
-12.72
-12.96
-12.91
-12.84
-12.65
-12.49
-12.06
-11.60
-11.08
-10.55
-9.99
-9.32
-8.47
-7.61
-6.75
-5.77
-5.04
-4.27
-3.57
-3.05
-1.92
-0.81
0.45
1.72
2.81
4.13
5.02
6.51
7.89
9.59
11.00
12.57
14.12
15.87
17.88
19.68
21.65
23.53
25.28
27.22
28.48
30.47
32.18
34.03
35.76
37.30
38.61
40.01
41.30
42.62
43.14
43.92
44.72
45.40
46.06
46.41
46.57
46.38
46.39
46.01
46.52
46.44
46.10
45.74
45.95
45.84
45.69
45.06
44.69
44.73
44.46
44.44
43.94
43.64
43.04
42.73
41.92
41.21
40.57
39.56
38.23
37.23
36.15
35.04
34.19
33.16
32.16
31.23
30.24
29.66
28.77
28.07
27.30
26.83
26.47
25.74
25.30
25.01
25.18
25.14
24.91
24.76
24.53
24.32
24.46
24.43
23.91
23.36
23.03
22.70
22.14
21.72
21.23
20.72
20.21
19.48
18.99
18.64
17.93
17.77
17.45
17.12
16.50
16.10
15.57
15.45
15.25
14.90
14.95
14.90
14.84
14.94
15.40
15.26
15.53
15.76
15.36
15.65
15.59
15.23
14.73
14.31
13.47
12.76
11.51
9.92
8.21
6.01
3.94
1.45
-1.12
-3.94
-6.55
-9.27
-12.29
-14.92
-17.50
-19.80
-22.04
-24.07
-25.81
-27.57
-28.70
-29.80
-30.44
-31.17
-31.39
-31.41
-31.18
-30.55
-29.72
-28.80
-27.70
-26.49
-25.41
-23.93
-22.42
-21.19
-20.04
-18.96
-17.68
-16.59
-15.71
-14.60
-14.06
-13.88
-13.52
-13.18
-12.88
-12.65
-13.01
-13.02
-13.03
-13.21
-13.11
-13.41
-13.48
-13.43
-13.27
-13.06
-12.68
-12.25
-11.56
-11.02
-10.18
-9.13
-7.99
-6.94
-5.49
-4.38
-2.89
-1.27
0.24
1.66
3.35
5.31
6.48
7.83
9.48
11.05
12.17
13.43
14.51
15.61
16.74
17.60
18.43
18.84
19.33
20.00
20.47
20.92
21.13
21.75
21.92
22.46
23.01
23.34
23.76
24.01
24.16
24.17
24.73
25.20
25.59
25.76
25.94
26.22
26.22
27.05
27.32
27.55
27.63
27.54
27.30
26.89
26.48
25.84
25.34
24.50
24.08
22.90
21.85
21.02
20.34
19.86
19.03
17.98
17.77
17.01
15.87
15.58
14.93
14.42
14.00
13.21
12.73
11.82
11.04
10.19
9.11
7.72
6.35
4.40
2.58
0.36
-1.97
-4.42
-6.83
-9.24
-12.10
-14.38
-17.00
-19.54
-21.70
-24.01
-25.67
-27.85
-29.68
-30.82
-32.13
-33.11
-34.25
-34.83
-35.42
-35.42
-35.58
-35.12
-35.03
-34.33
-33.87
-32.67
-31.83
-31.01
-29.61
-28.66
-27.60
-26.38
-25.33
-23.74
-22.17
-20.88
-19.10
-17.77
-16.10
-14.19
-12.80
-11.10
-9.51
-7.59
-5.62
-3.75
-1.96
0.23
2.26
4.14
5.62
7.31
8.82
10.37
11.09
12.24
12.69
13.07
13.68
13.89
13.87
13.94
13.55
13.57
13.40
13.36
13.30
13.22
13.41
13.25
13.19
13.13
13.26
13.09
12.90
13.05
12.69
12.63
12.23
12.00
11.92
11.59
11.16
10.82
10.23
10.45
10.03
9.21
8.76
8.24
7.65
7.16
6.58
6.06
5.19
4.48
3.51
2.68
1.66
1.09
0.14
-0.50
-1.18
-2.03
-2.94
-3.78
-4.35
-4.90
-5.20
-5.72
-5.44
-5.10
-4.99
-4.44
-3.73
-2.99
-1.92
-0.96
0.43
2.02
3.44
5.01
6.44
7.85
9.78
11.50
13.10
14.52
16.18
17.88
19.47
20.40
21.60
23.05
23.97
25.15
25.87
26.69
27.61
28.44
28.79
29.57
30.33
30.98
31.75
32.33
32.98
33.58
34.36
34.66
35.16
36.09
37.05
38.06
39.09
40.06
40.99
42.01
43.22
44.64
46.12
47.39
48.64
49.74
51.09
52.23
53.17
54.08
54.97
55.42
55.77
55.68
55.36
54.75
53.76
52.39
51.26
49.68
47.66
45.67
43.39
41.46
39.37
37.22
34.57
32.23
30.31
28.07
25.83
23.83
22.08
20.79
19.47
18.49
17.54
16.82
16.43
16.33
16.31
16.51
16.72
16.43
16.59
16.76
16.83
16.79
16.88
16.76
16.57
16.26
15.33
14.56
13.78
12.55
11.00
9.55
8.11
6.63
4.93
3.07
1.36
-0.41
-2.10
-3.91
-5.69
-6.88
-8.23
-9.44
-10.44
-11.41
-12.00
-12.18
-12.42
-11.79
-11.43
-11.14
-10.79
-10.02
-8.89
-8.07
-7.22
-6.57
-6.06
-5.10
-4.64
-4.24
-3.98
-3.76
-4.00
-4.29
-4.70
-4.98
-5.68
-6.46
-7.21
-7.88
-8.56
-9.45
-10.25
-10.67
-10.97
-11.62
-11.90
-11.96
-11.83
-11.66
-11.55
-11.28
-10.60
-9.86
-9.19
-8.22
-7.36
-6.44
-5.32
-4.03
-2.65
-1.44
-0.35
0.37
1.47
2.62
3.62
4.36
5.07
5.86
6.47
7.33
8.15
8.85
9.22
9.49
9.99
10.57
11.06
11.82
12.34
12.99
13.84
14.41
15.53
16.49
17.86
19.04
20.07
21.30
22.52
24.11
25.37
26.43
27.52
28.69
29.85
30.95
31.64
32.36
32.79
33.03
33.24
33.20
33.21
32.80
32.75
32.49
32.23
31.86
31.47
31.22
30.92
30.99
30.67
30.51
30.85
31.14
31.58
32.04
32.51
33.29
34.06
34.73
35.50
36.10
36.96
37.33
37.83
38.28
38.79
38.95
39.47
39.08
38.90
37.83
37.52
36.81
35.67
34.37
33.21
31.96
30.24
28.76
26.85
25.02
23.17
21.16
19.61
17.54
16.10
14.20
12.38
10.62
9.08
7.60
6.31
4.81
3.42
2.24
0.88
0.24
-0.71
-1.45
-2.25
-2.86
-3.18
-3.81
-4.20
-4.22
-3.82
-3.43
-2.88
-2.33
-1.79
-0.75
-0.09
0.99
1.89
3.09
4.34
5.67
6.85
8.21
9.30
10.46
11.50
12.42
13.69
14.52
14.89
15.22
15.61
16.10
16.10
16.03
16.20
16.19
15.89
15.59
14.98
14.38
14.16
14.26
14.02
13.96
14.26
14.14
14.31
14.45
14.70
14.98
15.33
16.29
16.78
17.11
17.60
18.37
19.46
20.30
21.06
21.49
22.14
22.51
22.58
22.79
23.03
22.40
21.91
21.34
20.52
19.80
18.43
17.01
15.26
13.70
12.09
10.27
8.22
6.31
4.10
2.21
0.61
-1.05
-2.81
-4.33
-6.00
-7.42
-8.99
-10.25
-11.47
-12.81
-13.69
-14.79
-15.72
-16.92
-17.98
-19.11
-20.34
-21.39
-22.74
-24.02
-24.99
-26.40
-27.55
-28.92
-30.48
-31.79
-33.16
-34.66
-36.20
-37.30
-38.94
-40.40
-41.65
-43.03
-44.04
-45.09
-46.18
-47.03
-47.87
-48.45
-48.62
-48.77
-49.09
-48.77
-48.78
-48.44
-48.07
-47.77
-47.07
-46.22
-45.29
-44.20
-43.36
-41.96
-40.33
-38.65
-36.69
-34.67
-32.65
-30.42
-28.09
-25.82
-23.45
-21.11
-18.70
-16.37
-14.06
-11.85
-9.86
-8.12
-7.00
-5.71
-4.46
-3.37
-2.20
-1.57
-1.15
-0.71
-0.37
-0.17
-0.01
0.01
0.27
0.85
1.26
1.75
2.30
3.02
3.52
4.60
5.63
6.97
8.23
9.55
10.61
11.95
13.18
14.38
15.74
16.99
17.76
18.76
19.37
20.01
20.65
21.25
21.42
21.65
21.39
21.22
20.87
20.64
19.66
18.72
18.10
17.24
16.29
14.88
13.65
12.31
11.15
9.88
8.55
7.03
5.71
4.61
3.71
3.09
2.57
2.04
1.57
1.33
1.22
1.28
1.46
1.24
1.57
1.96
2.14
2.59
3.11
3.29
3.45
3.80
3.82
3.59
3.50
3.15
2.87
2.49
2.01
1.70
1.23
0.28
-0.39
-1.48
-2.25
-3.19
-3.78
-4.64
-5.59
-6.03
-6.64
-7.78
-8.04
-8.61
-8.91
-8.99
-9.86
-9.99
-10.25
-10.39
-10.61
-10.51
-10.57
-10.80
-10.55
-10.46
-10.25
-9.98
-9.66
-9.04
-8.72
-8.00
-7.37
-6.46
-5.85
-5.27
-4.61
-3.72
-2.85
-1.93
-1.44
-0.84
-0.53
0.22
0.48
1.18
1.38
1.92
2.51
2.64
2.91
3.46
4.08
4.55
5.08
5.40
6.32
7.52
8.20
9.07
9.85
11.09
11.96
12.69
13.91
15.03
15.97
16.78
18.02
18.93
19.86
21.03
21.83
22.40
22.90
23.28
23.68
24.11
24.12
24.24
24.37
23.98
23.71
22.87
22.49
22.17
21.45
20.67
19.41
18.52
17.64
17.01
16.34
15.39
14.73
14.30
13.61
12.95
12.07
11.78
11.24
10.54
9.82
9.59
9.09
8.71
8.45
8.02
8.00
7.82
7.52
7.43
7.56
7.89
8.09
8.17
8.35
8.67
8.99
9.48
10.00
10.56
11.32
12.22
13.03
13.56
14.16
14.98
15.65
16.28
16.97
17.52
17.91
18.31
18.83
19.26
20.13
20.53
20.88
21.79
22.52
23.38
24.22
25.08
25.90
26.89
27.70
28.73
29.29
30.13
31.56
32.73
33.58
34.49
35.33
36.31
37.01
37.40
37.80
37.69
37.26
37.01
36.67
35.76
34.93
33.86
32.15
30.64
28.82
27.32
25.44
23.55
21.63
19.73
17.85
15.98
14.28
12.55
11.17
9.90
8.55
7.37
6.60
6.03
5.30
4.52
3.52
2.82
2.19
1.54
0.89
0.20
-0.96
-1.66
-2.38
-3.24
-4.03
-4.96
-6.21
-7.30
-8.19
-9.47
-10.63
-11.45
-12.22
-13.17
-13.94
-14.73
-15.53
-16.18
-16.71
-17.39
-18.00
-18.11
-18.63
-18.98
-18.88
-18.98
-19.46
-20.17
-20.55
-20.93
-21.52
-21.80
-22.15
-22.35
-22.82
-23.46
-23.39
-23.74
-23.87
-23.96
-23.99
-24.31
-24.26
-24.68
-24.97
-25.06
-24.78
-25.34
-25.89
-26.30
-26.43
-26.78
-27.04
-27.26
-27.42
-27.79
-28.29
-28.91
-29.25
-29.97
-30.53
-31.17
-31.98
-32.70
-32.97
-33.62
-34.38
-34.69
-35.33
-35.94
-36.30
-36.93
-37.18
-37.41
-37.58
-37.55
-37.56
-36.95
-36.58
-36.26
-35.67
-34.48
-33.51
-32.41
-31.67
-30.67
-29.77
-28.82
-27.79
-26.97
-26.29
-25.83
-25.68
-25.20
-25.26
-25.65
-26.16
-26.42
-27.07
-27.83
-28.41
-29.31
-30.37
-31.17
-32.17
-32.99
-33.92
-34.74
-35.22
-35.32
-35.78
-35.80
-35.81
-35.61
-35.29
-34.75
-34.49
-34.01
-33.39
-32.68
-31.74
-30.71
-29.53
-28.65
-27.64
-26.73
-25.38
-23.96
-22.74
-21.28
-20.14
-19.00
-17.85
-16.71
-15.33
-14.15
-13.08
-12.01
-11.01
-10.09
-9.15
-8.24
-7.62
-6.87
-6.03
-5.26
-4.68
-4.10
-3.50
-3.00
-2.91
-2.31
-1.97
-1.64
-1.09
-0.82
-0.55
-0.22
-0.11
0.43
0.87
1.35
1.88
2.41
2.96
3.60
4.05
4.66
5.29
5.60
6.38
7.21
8.05
8.75
9.54
10.09
10.81
11.27
11.76
12.15
12.19
12.31
12.47
12.51
12.55
12.49
12.08
11.97
11.90
11.24
10.44
9.84
9.30
8.57
7.96
7.39
6.98
6.85
6.38
5.90
5.63
5.52
5.41
5.53
5.45
5.63
5.76
5.53
5.60
5.78
5.38
5.36
5.23
4.95
4.49
4.04
2.99
2.20
1.47
0.27
-0.70
-2.12
-3.64
-5.19
-6.70
-8.17
-9.88
-11.43
-12.93
-14.46
-16.00
-17.63
-19.15
-20.68
-21.98
-22.63
-23.75
-24.50
-25.27
-25.39
-25.76
-26.00
-26.27
-25.95
-25.64
-25.44
-25.32
-25.14
-24.85
-24.50
-24.19
-23.67
-23.26
-22.94
-22.87
-22.71
-22.88
-22.95
-22.65
-22.83
-22.95
-23.14
-23.32
-23.85
-24.34
-24.63
-25.21
-25.85
-26.06
-26.38
-26.83
-27.46
-27.78
-28.22
-28.48
-28.41
-28.43
-28.55
-28.67
-28.78
-28.54
-27.98
-27.77
-27.30
-26.80
-26.20
-25.61
-24.43
-23.29
-22.51
-21.52
-20.44
-19.21
-18.39
-17.58
-17.02
-16.07
-14.92
-14.39
-13.87
-13.03
-12.26
-11.68
-11.33
-10.23
-9.89
-8.99
-8.17
-7.43
-6.73
-5.88
-4.93
-4.12
-2.89
-1.40
-0.41
1.34
2.38
4.16
5.32
6.12
7.10
7.96
8.97
10.00
10.88
11.53
12.45
13.23
13.81
14.81
15.52
16.13
16.71
17.24
17.69
18.55
18.91
19.75
20.38
21.14
22.02
23.01
24.08
25.18
26.35
27.51
28.56
29.63
30.49
31.21
32.09
32.84
33.65
34.27
34.64
35.13
35.28
35.38
35.15
34.71
34.52
34.31
33.69
33.21
32.57
31.63
31.10
30.31
29.37
28.32
27.13
26.41
25.27
24.17
23.16
22.02
20.77
19.81
18.99
17.88
16.99
15.41
14.09
13.13
12.03
10.31
9.07
7.52
6.46
5.24
4.02
2.50
1.16
-0.58
-2.08
-3.42
-4.46
-5.59
-6.45
-7.24
-7.91
-8.92
-9.26
-10.14
-10.79
-11.67
-12.43
-12.71
-13.75
-14.28
-15.40
-15.90
-16.63
-17.43
-18.47
-19.57
-20.42
-21.66
-22.63
-23.58
-24.90
-26.27
-27.35
-28.66
-29.89
-30.82
-31.97
-32.91
-34.17
-34.83
-35.75
-36.64
-37.41
-38.23
-38.79
-39.27
-39.76
-40.22
-40.20
-40.62
-41.00
-41.14
-41.23
-41.45
-41.18
-41.41
-41.18
-41.14
-41.34
-41.41
-40.97
-40.47
-40.40
-40.37
-40.21
-39.88
-39.40
-39.31
-39.15
-38.87
-38.38
-38.19
-37.99
-37.52
-36.80
-36.30
-35.55
-35.04
-34.72
-34.00
-33.31
-32.77
-31.99
-31.19
-30.35
-29.56
-29.07
-28.60
-28.27
-27.78
-26.83
-26.29
-25.68
-24.99
-24.74
-24.13
-23.22
-22.50
-21.89
-21.18
-20.44
-19.58
-18.97
-18.10
-17.31
-16.10
-15.23
-14.63
-13.78
-13.08
-12.43
-11.75
-11.14
-10.58
-10.21
-9.97
-9.70
-9.53
-9.28
-9.54
-9.53
-9.51
-9.73
-9.96
-10.09
-10.34
-10.23
-10.51
-10.90
-11.15
-11.44
-11.90
-12.09
-12.15
-12.44
-12.87
-13.20
-13.54
-14.00
-14.49
-14.65
-15.27
-15.70
-16.60
-17.18
-17.89
-18.77
-19.58
-20.48
-21.22
-21.97
-22.80
-23.57
-23.99
-24.52
-25.21
-25.59
-25.74
-25.97
-26.50
-26.50
-26.28
-26.23
