-.39362078E+03
-.39373722E+03
-.39389197E+03
-.39408478E+03
-.39431286E+03
-.39457534E+03
-.39486554E+03
-.39517936E+03
-.39551410E+03
-.39586448E+03
-.39622471E+03
-.39659122E+03
-.39695234E+03
-.39730184E+03
-.39763495E+03
-.39794479E+03
-.39822612E+03
-.39847528E+03
-.39868558E+03
-.39885306E+03
-.39897488E+03
-.39904991E+03
-.39907663E+03
-.39905718E+03
-.39899626E+03
-.39889817E+03
-.39876725E+03
-.39860913E+03
-.39843560E+03
-.39825339E+03
-.39807426E+03
-.39790795E+03
-.39776185E+03
-.39764371E+03
-.39756080E+03
-.39751878E+03
-.39752261E+03
-.39757274E+03
-.39767323E+03
-.39782235E+03
-.39801733E+03
-.39825612E+03
-.39853062E+03
-.39883729E+03
-.39917343E+03
-.39952930E+03
-.39989736E+03
-.40027040E+03
-.40064269E+03
-.40100797E+03
-.40135630E+03
-.40168086E+03
-.40197803E+03
-.40224243E+03
-.40247008E+03
-.40265625E+03
-.40280061E+03
-.40290180E+03
-.40296210E+03
-.40298781E+03
-.40298341E+03
-.40295396E+03
-.40290506E+03
-.40284474E+03
-.40277695E+03
-.40270822E+03
-.40264244E+03
-.40258174E+03
-.40252959E+03
-.40248952E+03
-.40246210E+03
-.40245187E+03
-.40245673E+03
-.40247634E+03
-.40250879E+03
-.40255160E+03
-.40260637E+03
-.40267564E+03
-.40275958E+03
-.40285918E+03
-.40297373E+03
-.40310777E+03
-.40326278E+03
-.40343840E+03
-.40363581E+03
-.40385905E+03
-.40410678E+03
-.40437878E+03
-.40467425E+03
-.40499219E+03
-.40532874E+03
-.40567844E+03
-.40603481E+03
-.40639330E+03
-.40674638E+03
-.40709020E+03
-.40742241E+03
-.40773502E+03
-.40801947E+03
-.40827456E+03
-.40849454E+03
-.40868150E+03
-.40883393E+03
-.40894919E+03
-.40902670E+03
-.40906566E+03
-.40906637E+03
-.40903383E+03
-.40896684E+03
-.40886799E+03
-.40874195E+03
-.40859171E+03
-.40841817E+03
-.40823287E+03
-.40804022E+03
-.40784082E+03
-.40764406E+03
-.40745354E+03
-.40727413E+03
-.40710678E+03
-.40695487E+03
-.40681939E+03
-.40670141E+03
-.40659608E+03
-.40650000E+03
-.40641012E+03
-.40632374E+03
-.40623499E+03
-.40613721E+03
-.40602803E+03
-.40590059E+03
-.40575627E+03
-.40559186E+03
-.40540506E+03
-.40519894E+03
-.40497173E+03
-.40472681E+03
-.40446787E+03
-.40419894E+03
-.40391851E+03
-.40363181E+03
-.40333855E+03
-.40304440E+03
-.40274978E+03
-.40245524E+03
-.40216172E+03
-.40186960E+03
-.40157931E+03
-.40129069E+03
-.40100533E+03
-.40072604E+03
-.40045300E+03
-.40018435E+03
-.39992491E+03
-.39967784E+03
-.39943725E+03
-.39920939E+03
-.39899734E+03
-.39882503E+03
-.39860067E+03
-.39842472E+03
-.39826041E+03
-.39810606E+03
-.39796528E+03
-.39783599E+03
-.39771805E+03
-.39760850E+03
-.39750550E+03
-.39740882E+03
-.39731601E+03
-.39722718E+03
-.39714134E+03
-.39705295E+03
-.39696544E+03
-.39687618E+03
-.39678524E+03
-.39669167E+03
-.39659310E+03
-.39649077E+03
-.39638505E+03
-.39631644E+03
-.39615577E+03
-.39603083E+03
-.39589534E+03
-.39575326E+03
-.39560725E+03
-.39545511E+03
-.39530054E+03
-.39514239E+03
-.39498282E+03
-.39482353E+03
-.39466675E+03
-.39451382E+03
-.39436830E+03
-.39422766E+03
-.39409770E+03
-.39397726E+03
-.39386934E+03
-.39377610E+03
-.39370205E+03
-.39364783E+03
-.39361093E+03
-.39359304E+03
-.39359442E+03
-.39361464E+03
-.39365017E+03
-.39370195E+03
-.39376981E+03
-.39385016E+03
-.39394168E+03
-.39404218E+03
-.39415066E+03
-.39426600E+03
-.39438753E+03
-.39451540E+03
-.39464713E+03
-.39478407E+03
-.39492955E+03
-.39508027E+03
-.39523760E+03
-.39540192E+03
-.39557552E+03
-.39575856E+03
-.39595296E+03
-.39615858E+03
-.39637545E+03
-.39660185E+03
-.39683792E+03
-.39708353E+03
-.39733486E+03
-.39759198E+03
-.39785175E+03
-.39811005E+03
-.39836611E+03
-.39861947E+03
-.39886468E+03
-.39909904E+03
-.39932146E+03
-.39953085E+03
-.39972718E+03
-.39990905E+03
-.40007754E+03
-.40023455E+03
-.40038117E+03
-.40051914E+03
-.40064984E+03
-.40077289E+03
-.40089417E+03
-.40101277E+03
-.40112950E+03
-.40124619E+03
-.40136339E+03
-.40148274E+03
-.40160507E+03
-.40172836E+03
-.40184722E+03
-.40196104E+03
-.40206800E+03
-.40216608E+03
-.40225508E+03
-.40233546E+03
-.40240793E+03
-.40247272E+03
-.40253150E+03
-.40258218E+03
-.40262693E+03
-.40266751E+03
-.40270339E+03
-.40273522E+03
-.40276445E+03
-.40278649E+03
-.40280230E+03
-.40281135E+03
-.40281349E+03
-.40280474E+03
-.40277998E+03
-.40274096E+03
-.40268629E+03
-.40261388E+03
-.40252553E+03
-.40242130E+03
-.40230448E+03
-.40217587E+03
-.40203509E+03
-.40188937E+03
-.40174133E+03
-.40159221E+03
-.40144517E+03
-.40130583E+03
-.40117685E+03
-.40106072E+03
-.40096140E+03
-.40088075E+03
-.40082165E+03
-.40078298E+03
-.40076672E+03
-.40077316E+03
-.40080218E+03
-.40085539E+03
-.40093291E+03
-.40103877E+03
-.40117142E+03
-.40133102E+03
-.40151767E+03
-.40172965E+03
-.40196273E+03
-.40221519E+03
-.40248565E+03
-.40276975E+03
-.40306423E+03
-.40336358E+03
-.40366366E+03
-.40395872E+03
-.40424363E+03
-.40451067E+03
-.40475847E+03
-.40498099E+03
-.40517612E+03
-.40534060E+03
-.40547318E+03
-.40557105E+03
-.40563322E+03
-.40566170E+03
-.40565660E+03
-.40562304E+03
-.40556407E+03
-.40548235E+03
-.40537720E+03
-.40525439E+03
-.40511419E+03
-.40495607E+03
-.40478157E+03
-.40459230E+03
-.40439130E+03
-.40418204E+03
-.40396508E+03
-.40374206E+03
-.40351783E+03
-.40329825E+03
-.40308839E+03
-.40289263E+03
-.40271468E+03
-.40255969E+03
-.40243234E+03
-.40233617E+03
-.40226846E+03
-.40222701E+03
-.40221197E+03
-.40222320E+03
-.40226124E+03
-.40228827E+03
-.40234011E+03
-.40240249E+03
-.40246927E+03
-.40253488E+03
-.40259137E+03
-.40264036E+03
-.40267995E+03
-.40270398E+03
-.40271303E+03
-.40270887E+03
-.40269064E+03
-.40265795E+03
-.40261164E+03
-.40255277E+03
-.40248083E+03
-.40239519E+03
-.40229568E+03
-.40218256E+03
-.40205567E+03
-.40191316E+03
-.40175670E+03
-.40158270E+03
-.40139258E+03
-.40118657E+03
-.40096609E+03
-.40072967E+03
-.40048206E+03
-.40022238E+03
-.39995541E+03
-.39968435E+03
-.39941057E+03
-.39913531E+03
-.39886168E+03
-.39859207E+03
-.39832887E+03
-.39807559E+03
-.39783564E+03
-.39760987E+03
-.39739718E+03
-.39719853E+03
-.39701661E+03
-.39684862E+03
-.39669693E+03
-.39656089E+03
-.39643789E+03
-.39632824E+03
-.39623022E+03
-.39614480E+03
-.39607085E+03
-.39600589E+03
-.39594808E+03
-.39589643E+03
-.39585132E+03
-.39581071E+03
-.39577492E+03
-.39574692E+03
-.39572513E+03
-.39570963E+03
-.39570139E+03
-.39570098E+03
-.39570976E+03
-.39572939E+03
-.39575794E+03
-.39579540E+03
-.39584655E+03
-.39590984E+03
-.39598495E+03
-.39607055E+03
-.39616715E+03
-.39627327E+03
-.39638692E+03
-.39650722E+03
-.39663078E+03
-.39675703E+03
-.39688423E+03
-.39701343E+03
-.39714372E+03
-.39727452E+03
-.39740150E+03
-.39752655E+03
-.39765152E+03
-.39777444E+03
-.39789622E+03
-.39801476E+03
-.39813221E+03
-.39824932E+03
-.39836892E+03
-.39849149E+03
-.39861240E+03
-.39873218E+03
-.39885155E+03
-.39896831E+03
-.39908343E+03
-.39919245E+03
-.39929489E+03
-.39938989E+03
-.39947692E+03
-.39955295E+03
-.39961545E+03
-.39966426E+03
-.39969951E+03
-.39972068E+03
-.39972960E+03
-.39972609E+03
-.39971092E+03
-.39968462E+03
-.39964872E+03
-.39960808E+03
-.39956478E+03
-.39952195E+03
-.39948127E+03
-.39944677E+03
-.39941926E+03
-.39940077E+03
-.39939120E+03
-.39939020E+03
-.39939736E+03
-.39941140E+03
-.39943009E+03
-.39945237E+03
-.39947706E+03
-.39949813E+03
-.39951419E+03
-.39952150E+03
-.39951692E+03
-.39949866E+03
-.39946546E+03
-.39941873E+03
-.39935784E+03
-.39928431E+03
-.39920198E+03
-.39911651E+03
-.39903232E+03
-.39895161E+03
-.39887897E+03
-.39881709E+03
-.39876989E+03
-.39874456E+03
-.39874344E+03
-.39876676E+03
-.39881370E+03
-.39888278E+03
-.39896774E+03
-.39906878E+03
-.39918407E+03
-.39930728E+03
-.39943755E+03
-.39956864E+03
-.39970154E+03
-.39983516E+03
-.39996772E+03
-.40009956E+03
-.40022813E+03
-.40035306E+03
-.40047242E+03
-.40058758E+03
-.40069913E+03
-.40080673E+03
-.40090972E+03
-.40100810E+03
-.40109837E+03
-.40117820E+03
-.40124805E+03
-.40130653E+03
-.40135160E+03
-.40138194E+03
-.40139939E+03
-.40140118E+03
-.40138831E+03
-.40136075E+03
-.40131607E+03
-.40125506E+03
-.40118183E+03
-.40109646E+03
-.40100541E+03
-.40091182E+03
-.40081522E+03
-.40072188E+03
-.40063362E+03
-.40055635E+03
-.40049439E+03
-.40045127E+03
-.40043087E+03
-.40043507E+03
-.40046791E+03
-.40052772E+03
-.40060853E+03
-.40070788E+03
-.40082018E+03
-.40094046E+03
-.40106285E+03
-.40118010E+03
-.40128133E+03
-.40136319E+03
-.40142125E+03
-.40144805E+03
-.40144120E+03
-.40140192E+03
-.40133530E+03
-.40124274E+03
-.40112885E+03
-.40099920E+03
-.40085289E+03
-.40069714E+03
-.40053684E+03
-.40037711E+03
-.40020591E+03
-.40004143E+03
-.39987944E+03
-.39972201E+03
-.39957103E+03
-.39942650E+03
-.39928834E+03
-.39915750E+03
-.39903703E+03
-.39892897E+03
-.39883404E+03
-.39875335E+03
-.39868601E+03
-.39863549E+03
-.39860232E+03
-.39858487E+03
-.39858234E+03
-.39859235E+03
-.39861450E+03
-.39864512E+03
-.39868224E+03
-.39872019E+03
-.39875790E+03
-.39879529E+03
-.39882459E+03
-.39884237E+03
-.39885003E+03
-.39884412E+03
-.39882185E+03
-.39878173E+03
-.39872478E+03
-.39865065E+03
-.39856101E+03
-.39845504E+03
-.39833297E+03
-.39819503E+03
-.39804265E+03
-.39787845E+03
-.39770243E+03
-.39751878E+03
-.39732735E+03
-.39712830E+03
-.39692430E+03
-.39671899E+03
-.39651157E+03
-.39630282E+03
-.39609405E+03
-.39588624E+03
-.39568065E+03
-.39547971E+03
-.39528486E+03
-.39509708E+03
-.39491809E+03
-.39475039E+03
-.39459233E+03
-.39444560E+03
-.39431120E+03
-.39419076E+03
-.39408569E+03
-.39399654E+03
-.39392346E+03
-.39386772E+03
-.39382979E+03
-.39381183E+03
-.39381369E+03
-.39383664E+03
-.39388014E+03
-.39394629E+03
-.39403606E+03
-.39414657E+03
-.39427805E+03
-.39443110E+03
-.39460440E+03
-.39479382E+03
-.39499631E+03
-.39520710E+03
-.39542190E+03
-.39563809E+03
-.39585243E+03
-.39606153E+03
-.39626015E+03
-.39644467E+03
-.39661260E+03
-.39676094E+03
-.39688642E+03
-.39698836E+03
-.39706366E+03
-.39711180E+03
-.39713121E+03
-.39712900E+03
-.39710655E+03
-.39706553E+03
-.39700720E+03
-.39693603E+03
-.39685518E+03
-.39676838E+03
-.39667969E+03
-.39659312E+03
-.39651221E+03
-.39643842E+03
-.39637718E+03
-.39633043E+03
-.39630091E+03
-.39629277E+03
-.39630606E+03
-.39634414E+03
-.39640542E+03
-.39648986E+03
-.39659932E+03
-.39673487E+03
-.39689519E+03
-.39707726E+03
-.39727753E+03
-.39749456E+03
-.39772239E+03
-.39796077E+03
-.39820583E+03
-.39845399E+03
-.39869906E+03
-.39893531E+03
-.39915987E+03
-.39937056E+03
-.39956399E+03
-.39974019E+03
-.39989540E+03
-.40002566E+03
-.40013710E+03
-.40022575E+03
-.40029468E+03
-.40034365E+03
-.40037354E+03
-.40038614E+03
-.40038762E+03
-.40038056E+03
-.40036741E+03
-.40035374E+03
-.40034401E+03
-.40034006E+03
-.40034550E+03
-.40036233E+03
-.40039100E+03
-.40043219E+03
-.40048872E+03
-.40055693E+03
-.40063482E+03
-.40071978E+03
-.40081010E+03
-.40090652E+03
-.40100372E+03
-.40109979E+03
-.40119387E+03
-.40128219E+03
-.40135930E+03
-.40142551E+03
-.40148115E+03
-.40152614E+03
-.40155535E+03
-.40156902E+03
-.40156883E+03
-.40155638E+03
-.40153268E+03
-.40150028E+03
-.40145811E+03
-.40140571E+03
-.40134502E+03
-.40127536E+03
-.40120110E+03
-.40112442E+03
-.40105020E+03
-.40097993E+03
-.40091506E+03
-.40085644E+03
-.40080364E+03
-.40075459E+03
-.40070820E+03
-.40066570E+03
-.40062540E+03
-.40058660E+03
-.40054743E+03
-.40050375E+03
-.40045511E+03
-.40040238E+03
-.40034522E+03
-.40028790E+03
-.40023018E+03
-.40017508E+03
-.40012491E+03
-.40008377E+03
-.40005219E+03
-.40003659E+03
-.40003741E+03
-.40005347E+03
-.40008762E+03
-.40014103E+03
-.40020686E+03
-.40028232E+03
-.40036022E+03
-.40043615E+03
-.40050757E+03
-.40056895E+03
-.40061862E+03
-.40064939E+03
-.40065743E+03
-.40064306E+03
-.40060848E+03
-.40055074E+03
-.40046826E+03
-.40036788E+03
-.40024992E+03
-.40011742E+03
-.39997164E+03
-.39981512E+03
-.39965207E+03
-.39948580E+03
-.39932073E+03
-.39916099E+03
-.39900683E+03
-.39886261E+03
-.39872630E+03
-.39860144E+03
-.39849233E+03
-.39840115E+03
-.39832831E+03
-.39827571E+03
-.39824626E+03
-.39824249E+03
-.39826406E+03
-.39830966E+03
-.39837976E+03
-.39847154E+03
-.39858273E+03
-.39871182E+03
-.39885805E+03
-.39901621E+03
-.39917745E+03
-.39933748E+03
-.39949545E+03
-.39964375E+03
-.39978322E+03
-.39990761E+03
-.40001542E+03
-.40010473E+03
-.40017584E+03
-.40022507E+03
-.40025121E+03
-.40025401E+03
-.40023414E+03
-.40019501E+03
-.40013668E+03
-.40006102E+03
-.39996841E+03
-.39985988E+03
-.39973732E+03
-.39960437E+03
-.39946439E+03
-.39932010E+03
-.39917217E+03
-.39902140E+03
-.39887082E+03
-.39872257E+03
-.39857906E+03
-.39844199E+03
-.39831190E+03
-.39818957E+03
-.39807599E+03
-.39797152E+03
-.39787613E+03
-.39779446E+03
-.39772492E+03
-.39766706E+03
-.39762109E+03
-.39758780E+03
-.39756656E+03
-.39755845E+03
-.39756473E+03
-.39758353E+03
-.39761115E+03
-.39764420E+03
-.39768144E+03
-.39772360E+03
-.39776684E+03
-.39781040E+03
-.39784872E+03
-.39788317E+03
-.39791208E+03
-.39792980E+03
-.39793490E+03
-.39792725E+03
-.39790433E+03
-.39786553E+03
-.39780857E+03
-.39773474E+03
-.39764473E+03
-.39754279E+03
-.39742885E+03
-.39730679E+03
-.39717658E+03
-.39704313E+03
-.39690954E+03
-.39677936E+03
-.39665525E+03
-.39653996E+03
-.39643735E+03
-.39634336E+03
-.39626135E+03
-.39618998E+03
-.39613367E+03
-.39609312E+03
-.39606793E+03
-.39605892E+03
-.39606593E+03
-.39608923E+03
-.39612981E+03
-.39618712E+03
-.39626044E+03
-.39634755E+03
-.39644934E+03
-.39656247E+03
-.39668392E+03
-.39681403E+03
-.39695077E+03
-.39709013E+03
-.39723309E+03
-.39737686E+03
-.39751669E+03
-.39765192E+03
-.39777930E+03
-.39789501E+03
-.39799912E+03
-.39808718E+03
-.39815658E+03
-.39820603E+03
-.39823418E+03
-.39823854E+03
-.39821517E+03
-.39816659E+03
-.39809264E+03
-.39799539E+03
-.39788012E+03
-.39774644E+03
-.39759768E+03
-.39747564E+03
-.39731580E+03
-.39716060E+03
-.39701458E+03
-.39688343E+03
-.39677139E+03
-.39668217E+03
-.39661786E+03
-.39657824E+03
-.39656361E+03
-.39657768E+03
-.39661715E+03
-.39668104E+03
-.39676629E+03
-.39686852E+03
-.39698391E+03
-.39710848E+03
-.39723993E+03
-.39737197E+03
-.39749836E+03
-.39761396E+03
-.39771422E+03
-.39779564E+03
-.39785325E+03
-.39788584E+03
-.39789355E+03
-.39787589E+03
-.39783031E+03
-.39776014E+03
-.39766532E+03
-.39755239E+03
-.39742531E+03
-.39728519E+03
-.39713641E+03
-.39698398E+03
-.39683029E+03
-.39667771E+03
-.39652840E+03
-.39638510E+03
-.39625220E+03
-.39613025E+03
-.39602075E+03
-.39592457E+03
-.39584301E+03
-.39577535E+03
-.39572787E+03
-.39570031E+03
-.39569208E+03
-.39570125E+03
-.39572931E+03
-.39577755E+03
-.39584287E+03
-.39592140E+03
-.39601612E+03
-.39612306E+03
-.39623995E+03
-.39636662E+03
-.39650209E+03
-.39664403E+03
-.39678888E+03
-.39693593E+03
-.39708408E+03
-.39722849E+03
-.39737071E+03
-.39750863E+03
-.39763832E+03
-.39775810E+03
-.39786676E+03
-.39796511E+03
-.39804808E+03
-.39811541E+03
-.39816739E+03
-.39820362E+03
-.39822330E+03
-.39822523E+03
-.39821296E+03
-.39818941E+03
-.39815363E+03
-.39810428E+03
-.39804611E+03
-.39798034E+03
-.39790820E+03
-.39783304E+03
-.39775514E+03
-.39767721E+03
-.39760163E+03
-.39752987E+03
-.39746138E+03
-.39739899E+03
-.39734195E+03
-.39729503E+03
-.39725583E+03
-.39722557E+03
-.39720291E+03
-.39718829E+03
-.39718396E+03
-.39718790E+03
-.39719787E+03
-.39721231E+03
-.39722848E+03
-.39724425E+03
-.39725900E+03
-.39727133E+03
-.39728050E+03
-.39728333E+03
-.39727711E+03
-.39726120E+03
-.39723341E+03
-.39719293E+03
-.39713850E+03
-.39706971E+03
-.39699009E+03
-.39689852E+03
-.39679627E+03
-.39668519E+03
-.39656604E+03
-.39644270E+03
-.39631899E+03
-.39619700E+03
-.39607693E+03
-.39596329E+03
-.39585793E+03
-.39576106E+03
-.39567138E+03
-.39559206E+03
-.39552502E+03
-.39546784E+03
-.39541819E+03
-.39537486E+03
-.39533988E+03
-.39531204E+03
-.39528920E+03
-.39527293E+03
-.39526170E+03
-.39525666E+03
-.39525666E+03
-.39526027E+03
-.39527029E+03
-.39528777E+03
-.39531421E+03
-.39534968E+03
-.39539566E+03
-.39545218E+03
-.39551774E+03
-.39559314E+03
-.39567555E+03
-.39576617E+03
-.39586659E+03
-.39597400E+03
-.39608802E+03
-.39620597E+03
-.39632536E+03
-.39644445E+03
-.39656859E+03
-.39669736E+03
-.39683158E+03
-.39697338E+03
-.39712580E+03
-.39729167E+03
-.39746903E+03
-.39765747E+03
-.39785640E+03
-.39806849E+03
-.39829487E+03
-.39852953E+03
-.39876864E+03
-.39901132E+03
-.39924985E+03
-.39948242E+03
-.39970374E+03
-.39991237E+03
-.40010498E+03
-.40027612E+03
-.40042248E+03
-.40054334E+03
-.40063574E+03
-.40069617E+03
-.40072488E+03
-.40072509E+03
-.40069609E+03
-.40063830E+03
-.40055450E+03
-.40044510E+03
-.40031328E+03
-.40016150E+03
-.39999493E+03
-.39981607E+03
-.39962862E+03
-.39943711E+03
-.39924580E+03
-.39906065E+03
-.39888681E+03
-.39872591E+03
-.39858240E+03
-.39846109E+03
-.39836324E+03
-.39829409E+03
-.39825276E+03
-.39824440E+03
-.39826863E+03
-.39832605E+03
-.39841147E+03
-.39852325E+03
-.39865927E+03
-.39881485E+03
-.39898486E+03
-.39916260E+03
-.39934025E+03
-.39951530E+03
-.39968875E+03
-.39985044E+03
-.39999802E+03
-.40013075E+03
-.40024686E+03
-.40034714E+03
-.40043026E+03
-.40050038E+03
-.40055645E+03
-.40060068E+03
-.40063602E+03
-.40066414E+03
-.40068345E+03
-.40069300E+03
-.40069433E+03
-.40068540E+03
-.40066713E+03
-.40064004E+03
-.40060547E+03
-.40056464E+03
-.40051629E+03
-.40045718E+03
-.40038779E+03
-.40031110E+03
-.40022931E+03
-.40014207E+03
-.40005120E+03
-.39995480E+03
-.39985505E+03
-.39975165E+03
-.39964455E+03
-.39953320E+03
-.39941703E+03
-.39929688E+03
-.39917396E+03
-.39904813E+03
-.39891723E+03
-.39878381E+03
-.39865355E+03
-.39852682E+03
-.39840681E+03
-.39829907E+03
-.39820696E+03
-.39813269E+03
-.39808076E+03
-.39805202E+03
-.39805166E+03
-.39808157E+03
-.39813993E+03
-.39822928E+03
-.39834575E+03
-.39848816E+03
-.39865448E+03
-.39884048E+03
-.39903830E+03
-.39924343E+03
-.39945025E+03
-.39965524E+03
-.39984932E+03
-.40003040E+03
-.40019158E+03
-.40032920E+03
-.40044144E+03
-.40052428E+03
-.40057725E+03
-.40059581E+03
-.40058650E+03
-.40055100E+03
-.40049304E+03
-.40042055E+03
-.40033685E+03
-.40024853E+03
-.40016329E+03
-.40008309E+03
-.40000961E+03
-.39994330E+03
-.39988721E+03
-.39983724E+03
-.39978801E+03
-.39973363E+03
-.39967012E+03
-.39959276E+03
-.39949750E+03
-.39937727E+03
-.39923508E+03
-.39907058E+03
-.39888194E+03
-.39866966E+03
-.39843672E+03
-.39818682E+03
-.39792671E+03
-.39766180E+03
-.39739864E+03
-.39714755E+03
-.39691692E+03
-.39671346E+03
-.39654430E+03
-.39641527E+03
-.39632623E+03
-.39627890E+03
-.39627011E+03
-.39629732E+03
-.39635195E+03
-.39642942E+03
-.39652550E+03
-.39662848E+03
-.39673499E+03
-.39684308E+03
-.39694622E+03
-.39704283E+03
-.39713168E+03
-.39720909E+03
-.39727510E+03
-.39732957E+03
-.39737462E+03
-.39741310E+03
-.39743836E+03
-.39745543E+03
-.39746297E+03
-.39746185E+03
-.39745162E+03
-.39742910E+03
-.39739734E+03
-.39735647E+03
-.39730656E+03
-.39725061E+03
-.39719115E+03
-.39712631E+03
-.39705737E+03
-.39699145E+03
-.39693045E+03
-.39687950E+03
-.39684331E+03
-.39682230E+03
-.39681841E+03
-.39683438E+03
-.39687111E+03
-.39692903E+03
-.39700605E+03
-.39710218E+03
-.39721375E+03
-.39733834E+03
-.39747103E+03
-.39760531E+03
-.39773836E+03
-.39786805E+03
-.39798719E+03
-.39809457E+03
-.39818432E+03
-.39825452E+03
-.39830222E+03
-.39832704E+03
-.39832511E+03
-.39829813E+03
-.39824410E+03
-.39816246E+03
-.39805201E+03
-.39791458E+03
-.39775228E+03
-.39756708E+03
-.39736488E+03
-.39714829E+03
-.39692035E+03
-.39667936E+03
-.39643481E+03
-.39619239E+03
-.39595414E+03
-.39572244E+03
-.39550428E+03
-.39530414E+03
-.39512498E+03
-.39497141E+03
-.39484669E+03
-.39475229E+03
-.39468704E+03
-.39465071E+03
-.39464398E+03
-.39466949E+03
-.39472483E+03
-.39480798E+03
-.39491838E+03
-.39505255E+03
-.39521051E+03
-.39538921E+03
-.39558632E+03
-.39580031E+03
-.39602852E+03
-.39626467E+03
-.39650704E+03
-.39675235E+03
-.39699831E+03
-.39723877E+03
-.39746894E+03
-.39768561E+03
-.39788479E+03
-.39806141E+03
-.39821511E+03
-.39834388E+03
-.39844616E+03
-.39852229E+03
-.39857301E+03
-.39860199E+03
-.39861222E+03
-.39860492E+03
-.39858476E+03
-.39855879E+03
-.39853140E+03
-.39850756E+03
-.39849344E+03
-.39849408E+03
-.39851175E+03
-.39854532E+03
-.39859698E+03
-.39866752E+03
-.39875430E+03
-.39885348E+03
-.39896196E+03
-.39907700E+03
-.39919730E+03
-.39931742E+03
-.39943455E+03
-.39954501E+03
-.39964749E+03
-.39974121E+03
-.39982530E+03
-.39989595E+03
-.39995651E+03
-.40000921E+03
-.40005228E+03
-.40008695E+03
-.40011347E+03
-.40012657E+03
-.40012665E+03
-.40011266E+03
-.40008270E+03
-.40003844E+03
-.39997345E+03
-.39989045E+03
-.39978511E+03
-.39966098E+03
-.39952012E+03
-.39936297E+03
-.39918966E+03
-.39900498E+03
-.39881394E+03
-.39862215E+03
-.39843828E+03
-.39826730E+03
-.39811732E+03
-.39799632E+03
-.39791191E+03
-.39786722E+03
-.39786548E+03
-.39790859E+03
-.39799538E+03
-.39812260E+03
-.39829113E+03
-.39849166E+03
-.39872056E+03
-.39896933E+03
-.39923159E+03
-.39949712E+03
-.39975769E+03
-.40000527E+03
-.40023535E+03
-.40044154E+03
-.40061963E+03
-.40076453E+03
-.40087031E+03
-.40094148E+03
-.40097791E+03
-.40098208E+03
-.40095255E+03
-.40089845E+03
-.40082665E+03
-.40074198E+03
-.40064906E+03
-.40055284E+03
-.40045736E+03
-.40036651E+03
-.40028669E+03
-.40022341E+03
-.40017515E+03
-.40014423E+03
-.40013193E+03
-.40013395E+03
-.40015127E+03
-.40017992E+03
-.40021929E+03
-.40026424E+03
-.40030908E+03
-.40035036E+03
-.40038727E+03
-.40041760E+03
-.40043858E+03
-.40044751E+03
-.40044365E+03
-.40042318E+03
-.40038801E+03
-.40033637E+03
-.40027478E+03
-.40020133E+03
-.40012231E+03
-.40003908E+03
-.39995366E+03
-.39986843E+03
-.39979069E+03
-.39972279E+03
-.39966865E+03
-.39963038E+03
-.39961105E+03
-.39961482E+03
-.39964384E+03
-.39969686E+03
-.39977707E+03
-.39988293E+03
-.40001743E+03
-.40017688E+03
-.40035610E+03
-.40055010E+03
-.40075188E+03
-.40095473E+03
-.40114704E+03
-.40131657E+03
-.40145716E+03
-.40155963E+03
-.40161697E+03
-.40162419E+03
-.40157728E+03
-.40147747E+03
-.40132447E+03
-.40112796E+03
-.40089736E+03
-.40064188E+03
-.40036763E+03
-.40008758E+03
-.39981062E+03
-.39954126E+03
-.39929105E+03
-.39906659E+03
-.39887095E+03
-.39870541E+03
-.39857323E+03
-.39847093E+03
-.39839338E+03
-.39833327E+03
-.39828909E+03
-.39825266E+03
-.39822261E+03
-.39819450E+03
-.39816445E+03
-.39812983E+03
-.39808643E+03
-.39803211E+03
-.39797235E+03
-.39790570E+03
-.39783487E+03
-.39776131E+03
-.39768289E+03
-.39760486E+03
-.39752831E+03
-.39745290E+03
-.39737831E+03
-.39730271E+03
-.39722820E+03
-.39715305E+03
-.39708006E+03
-.39700624E+03
-.39693458E+03
-.39686577E+03
-.39680187E+03
-.39674639E+03
-.39669956E+03
-.39666288E+03
-.39663916E+03
-.39663081E+03
-.39663706E+03
-.39665549E+03
-.39668433E+03
-.39672494E+03
-.39677595E+03
-.39683629E+03
-.39690665E+03
-.39698327E+03
-.39706273E+03
-.39714447E+03
-.39722360E+03
-.39730372E+03
-.39738187E+03
-.39745694E+03
-.39752541E+03
-.39758355E+03
-.39762768E+03
-.39765640E+03
-.39767060E+03
-.39766809E+03
-.39764823E+03
-.39761012E+03
-.39755350E+03
-.39747710E+03
-.39738142E+03
-.39726607E+03
-.39713491E+03
-.39699316E+03
-.39684255E+03
-.39668765E+03
-.39653073E+03
-.39637662E+03
-.39622551E+03
-.39608343E+03
-.39595412E+03
-.39584164E+03
-.39574771E+03
-.39567315E+03
-.39561916E+03
-.39558680E+03
-.39557258E+03
-.39558120E+03
-.39561216E+03
-.39565946E+03
-.39572437E+03
-.39580278E+03
-.39589004E+03
-.39598508E+03
-.39608502E+03
-.39618525E+03
-.39628562E+03
-.39638425E+03
-.39647915E+03
-.39657045E+03
-.39665802E+03
-.39674549E+03
-.39682900E+03
-.39690893E+03
-.39698492E+03
-.39706189E+03
-.39714268E+03
-.39722826E+03
-.39732036E+03
-.39741866E+03
-.39752240E+03
-.39763361E+03
-.39774989E+03
-.39787219E+03
-.39799727E+03
-.39812412E+03
-.39825329E+03
-.39838375E+03
-.39851425E+03
-.39864036E+03
-.39875985E+03
-.39887257E+03
-.39897513E+03
-.39906934E+03
-.39915499E+03
-.39923364E+03
-.39930607E+03
-.39937660E+03
-.39944694E+03
-.39951743E+03
-.39959140E+03
-.39966923E+03
-.39975254E+03
-.39984321E+03
-.39994230E+03
-.40004541E+03
-.40015263E+03
-.40026050E+03
-.40036286E+03
-.40045906E+03
-.40054445E+03
-.40061478E+03
-.40066546E+03
-.40069302E+03
-.40069605E+03
-.40067384E+03
-.40062724E+03
-.40055747E+03
-.40046456E+03
-.40035149E+03
-.40021779E+03
-.40006611E+03
-.39989894E+03
-.39971775E+03
-.39952723E+03
-.39933207E+03
-.39913700E+03
-.39893965E+03
-.39874451E+03
-.39855381E+03
-.39837056E+03
-.39819972E+03
-.39804311E+03
-.39790364E+03
-.39778374E+03
-.39768215E+03
-.39760075E+03
-.39753833E+03
-.39749569E+03
-.39747036E+03
-.39746096E+03
-.39746226E+03
-.39747401E+03
-.39749417E+03
-.39752034E+03
-.39755128E+03
-.39758734E+03
-.39762315E+03
-.39765916E+03
-.39769607E+03
-.39773608E+03
-.39777872E+03
-.39782773E+03
-.39788727E+03
-.39795966E+03
-.39804973E+03
-.39815775E+03
-.39828494E+03
-.39842932E+03
-.39859256E+03
-.39877027E+03
-.39895983E+03
-.39915890E+03
-.39936294E+03
-.39956445E+03
-.39975869E+03
-.39993794E+03
-.40009815E+03
-.40023589E+03
-.40034697E+03
-.40043025E+03
-.40047954E+03
-.40049724E+03
-.40048401E+03
-.40043740E+03
-.40035707E+03
-.40024649E+03
-.40010791E+03
-.39994244E+03
-.39975181E+03
-.39954202E+03
-.39931912E+03
-.39909120E+03
-.39886231E+03
-.39864096E+03
-.39843256E+03
-.39824327E+03
-.39808046E+03
-.39794684E+03
-.39784667E+03
-.39778233E+03
-.39775486E+03
-.39776170E+03
-.39779975E+03
-.39786082E+03
-.39794362E+03
-.39804269E+03
-.39815288E+03
-.39826296E+03
-.39836789E+03
-.39846327E+03
-.39854306E+03
-.39860224E+03
-.39863628E+03
-.39864428E+03
-.39862435E+03
-.39857782E+03
-.39850410E+03
-.39840423E+03
-.39828165E+03
-.39814156E+03
-.39798504E+03
-.39781945E+03
-.39764734E+03
-.39747248E+03
-.39729904E+03
-.39712857E+03
-.39696712E+03
-.39681795E+03
-.39668273E+03
-.39656507E+03
-.39646351E+03
-.39637856E+03
-.39630952E+03
-.39625810E+03
-.39622332E+03
-.39620598E+03
-.39619983E+03
-.39620375E+03
-.39621683E+03
-.39624020E+03
-.39627166E+03
-.39630800E+03
-.39634676E+03
-.39638878E+03
-.39643126E+03
-.39647416E+03
-.39651986E+03
-.39656809E+03
-.39662078E+03
-.39667659E+03
-.39673383E+03
-.39679531E+03
-.39685810E+03
-.39692217E+03
-.39698568E+03
-.39704900E+03
-.39710816E+03
-.39716224E+03
-.39720850E+03
-.39724279E+03
-.39726270E+03
-.39727131E+03
-.39726753E+03
-.39724998E+03
-.39722236E+03
-.39718450E+03
-.39713632E+03
-.39708130E+03
-.39701976E+03
-.39695410E+03
-.39688650E+03
-.39682194E+03
-.39676584E+03
-.39671885E+03
-.39668433E+03
-.39666337E+03
-.39666026E+03
-.39667741E+03
-.39671787E+03
-.39678445E+03
-.39687669E+03
-.39699653E+03
-.39714285E+03
-.39731651E+03
-.39751393E+03
-.39772604E+03
-.39794802E+03
-.39817402E+03
-.39839620E+03
-.39860766E+03
-.39880589E+03
-.39898370E+03
-.39913484E+03
-.39925401E+03
-.39933826E+03
-.39938519E+03
-.39939324E+03
-.39936403E+03
-.39929899E+03
-.39919943E+03
-.39907115E+03
-.39892076E+03
-.39875329E+03
-.39857223E+03
-.39838455E+03
-.39819731E+03
-.39801505E+03
-.39784749E+03
-.39769946E+03
-.39756984E+03
-.39746387E+03
-.39738073E+03
-.39732078E+03
-.39728572E+03
-.39727476E+03
-.39728579E+03
-.39731474E+03
-.39735648E+03
-.39740854E+03
-.39746917E+03
-.39753553E+03
-.39760571E+03
-.39767880E+03
-.39774799E+03
-.39781833E+03
-.39788843E+03
-.39795707E+03
-.39802546E+03
-.39809328E+03
-.39815719E+03
-.39821958E+03
-.39828003E+03
-.39833597E+03
-.39838767E+03
-.39843513E+03
-.39847930E+03
-.39851937E+03
-.39855147E+03
-.39857407E+03
-.39858861E+03
-.39859425E+03
-.39859110E+03
-.39858011E+03
-.39856121E+03
-.39853380E+03
-.39850256E+03
-.39846920E+03
-.39843550E+03
-.39840120E+03
-.39837167E+03
-.39834945E+03
-.39833293E+03
-.39832209E+03
-.39831735E+03
-.39832267E+03
-.39833625E+03
-.39835813E+03
-.39838646E+03
-.39842361E+03
-.39847062E+03
-.39852340E+03
-.39858016E+03
-.39864250E+03
-.39871086E+03
-.39878715E+03
-.39887238E+03
-.39896361E+03
-.39906256E+03
-.39917037E+03
-.39928673E+03
-.39941139E+03
-.39954407E+03
-.39967931E+03
-.39982050E+03
-.39996125E+03
-.40010135E+03
-.40023933E+03
-.40037258E+03
-.40050073E+03
-.40062037E+03
-.40073251E+03
-.40083404E+03
-.40092616E+03
-.40100489E+03
-.40107067E+03
-.40112492E+03
-.40116676E+03
-.40119858E+03
-.40121898E+03
-.40122516E+03
-.40122173E+03
-.40120680E+03
-.40118101E+03
-.40114750E+03
-.40110693E+03
-.40105896E+03
-.40100885E+03
-.40095775E+03
-.40090907E+03
-.40086081E+03
-.40081929E+03
-.40078549E+03
-.40075836E+03
-.40073931E+03
-.40072374E+03
-.40071055E+03
-.40069924E+03
-.40068863E+03
-.40067691E+03
-.40066167E+03
-.40064100E+03
-.40061289E+03
-.40057695E+03
-.40053162E+03
-.40047530E+03
-.40040755E+03
-.40032919E+03
-.40024221E+03
-.40014720E+03
-.40004622E+03
-.39993884E+03
-.39982669E+03
-.39971079E+03
-.39959170E+03
-.39947150E+03
-.39935284E+03
-.39923813E+03
-.39912225E+03
-.39900736E+03
-.39889819E+03
-.39879343E+03
-.39869134E+03
-.39859703E+03
-.39850639E+03
-.39842128E+03
-.39833900E+03
-.39826077E+03
-.39818789E+03
-.39811909E+03
-.39805684E+03
-.39814566E+03
-.39809857E+03
-.39805644E+03
-.39802037E+03
-.39799262E+03
-.39797083E+03
-.39795576E+03
-.39794409E+03
-.39793717E+03
-.39793311E+03
-.39793174E+03
-.39793365E+03
-.39793553E+03
-.39793219E+03
-.39792740E+03
-.39792002E+03
-.39790785E+03
-.39789057E+03
-.39786693E+03
-.39783772E+03
-.39779805E+03
-.39775089E+03
-.39769785E+03
-.39763779E+03
-.39756998E+03
-.39749137E+03
-.39740034E+03
-.39729866E+03
-.39718576E+03
-.39706337E+03
-.39693258E+03
-.39679219E+03
-.39664426E+03
-.39649261E+03
-.39633852E+03
-.39618142E+03
-.39602388E+03
-.39586869E+03
-.39572021E+03
-.39558142E+03
-.39545585E+03
-.39534411E+03
-.39524965E+03
-.39517457E+03
-.39511787E+03
-.39507805E+03
-.39505752E+03
-.39505841E+03
-.39507980E+03
-.39512108E+03
-.39517854E+03
-.39525223E+03
-.39533876E+03
-.39543606E+03
-.39554230E+03
-.39565477E+03
-.39577111E+03
-.39588716E+03
-.39600260E+03
-.39611543E+03
-.39622544E+03
-.39633207E+03
-.39643100E+03
-.39651817E+03
-.39659326E+03
-.39665727E+03
-.39670827E+03
-.39674744E+03
-.39677112E+03
-.39677654E+03
-.39676207E+03
-.39673040E+03
-.39668344E+03
-.39661853E+03
-.39653929E+03
-.39644766E+03
-.39634903E+03
-.39624531E+03
-.39614154E+03
-.39604322E+03
-.39595401E+03
-.39587615E+03
-.39581415E+03
-.39577294E+03
-.39575395E+03
-.39576083E+03
-.39579476E+03
-.39585778E+03
-.39595085E+03
-.39607635E+03
-.39623249E+03
-.39641533E+03
-.39662496E+03
-.39686065E+03
-.39711697E+03
-.39739003E+03
-.39767409E+03
-.39796554E+03
-.39826071E+03
-.39855276E+03
-.39883623E+03
-.39910672E+03
-.39935817E+03
-.39958630E+03
-.39978952E+03
-.39996422E+03
-.40010581E+03
-.40021109E+03
-.40027693E+03
-.40030231E+03
-.40029141E+03
-.40024133E+03
-.40015462E+03
-.40003785E+03
-.39989394E+03
-.39972682E+03
-.39954406E+03
-.39935272E+03
-.39915632E+03
-.39896196E+03
-.39877605E+03
-.39860297E+03
-.39844444E+03
-.39830841E+03
-.39819717E+03
-.39810853E+03
-.39804292E+03
-.39799981E+03
-.39797733E+03
-.39797082E+03
-.39797684E+03
-.39799432E+03
-.39801996E+03
-.39804932E+03
-.39807726E+03
-.39810140E+03
-.39811975E+03
-.39813159E+03
-.39813851E+03
-.39814088E+03
-.39814023E+03
-.39813377E+03
-.39812855E+03
-.39812391E+03
-.39812163E+03
-.39812656E+03
-.39813571E+03
-.39815300E+03
-.39818035E+03
-.39821724E+03
-.39826337E+03
-.39831705E+03
-.39837947E+03
-.39844777E+03
-.39851719E+03
-.39858662E+03
-.39865410E+03
-.39871622E+03
-.39876881E+03
-.39881234E+03
-.39884459E+03
-.39886435E+03
-.39887050E+03
-.39886586E+03
-.39885254E+03
-.39882884E+03
-.39879602E+03
-.39875623E+03
-.39871204E+03
-.39866867E+03
-.39862997E+03
-.39859776E+03
-.39857437E+03
-.39855832E+03
-.39855343E+03
-.39855981E+03
-.39857856E+03
-.39860690E+03
-.39864387E+03
-.39868678E+03
-.39873557E+03
-.39878940E+03
-.39884681E+03
-.39890380E+03
-.39895927E+03
-.39901238E+03
-.39906142E+03
-.39910714E+03
-.39915147E+03
-.39919378E+03
-.39923519E+03
-.39927935E+03
-.39932771E+03
-.39938293E+03
-.39945038E+03
-.39952725E+03
-.39960896E+03
-.39969595E+03
-.39978204E+03
-.39986508E+03
-.39993925E+03
-.40000187E+03
-.40004907E+03
-.40007627E+03
-.40008053E+03
-.40006195E+03
-.40002106E+03
-.39995901E+03
-.39987913E+03
-.39978671E+03
-.39968515E+03
-.39957875E+03
-.39947623E+03
-.39938127E+03
-.39929695E+03
-.39922866E+03
-.39917736E+03
-.39914527E+03
-.39912989E+03
-.39912897E+03
-.39914063E+03
-.39916375E+03
-.39919455E+03
-.39922850E+03
-.39926171E+03
-.39929220E+03
-.39931370E+03
-.39932469E+03
-.39932682E+03
-.39931609E+03
-.39929365E+03
-.39926072E+03
-.39921031E+03
-.39914475E+03
-.39906629E+03
-.39897611E+03
-.39887665E+03
-.39876915E+03
-.39865950E+03
-.39854967E+03
-.39844093E+03
-.39833533E+03
-.39823896E+03
-.39815262E+03
-.39807630E+03
-.39801342E+03
-.39796494E+03
-.39793048E+03
-.39790982E+03
-.39790217E+03
-.39790579E+03
-.39791497E+03
-.39792827E+03
-.39794156E+03
-.39795224E+03
-.39795454E+03
-.39794598E+03
-.39792336E+03
-.39788438E+03
-.39783108E+03
-.39776498E+03
-.39768938E+03
-.39760701E+03
-.39752348E+03
-.39744621E+03
-.39738161E+03
-.39733098E+03
-.39729808E+03
-.39728568E+03
-.39729108E+03
-.39731243E+03
-.39734885E+03
-.39739437E+03
-.39744615E+03
-.39750078E+03
-.39754858E+03
-.39758386E+03
-.39760546E+03
-.39760766E+03
-.39758892E+03
-.39754993E+03
-.39748732E+03
-.39740416E+03
-.39730374E+03
-.39718828E+03
-.39706279E+03
-.39692959E+03
-.39679469E+03
-.39666151E+03
-.39653387E+03
-.39641619E+03
-.39631207E+03
-.39622492E+03
-.39615961E+03
-.39611845E+03
-.39610455E+03
-.39611618E+03
-.39615142E+03
-.39620906E+03
-.39628789E+03
-.39638659E+03
-.39650268E+03
-.39663100E+03
-.39676695E+03
-.39690736E+03
-.39705015E+03
-.39718956E+03
-.39731956E+03
-.39744191E+03
-.39755325E+03
-.39765177E+03
-.39773394E+03
-.39779919E+03
-.39784649E+03
-.39787628E+03
-.39789236E+03
-.39789523E+03
-.39788372E+03
-.39785972E+03
-.39782690E+03
-.39778568E+03
-.39773834E+03
-.39768800E+03
-.39763531E+03
-.39758234E+03
-.39753177E+03
-.39748302E+03
-.39743979E+03
-.39740556E+03
-.39738217E+03
-.39736928E+03
-.39737326E+03
-.39739114E+03
-.39742412E+03
-.39747554E+03
-.39754442E+03
-.39762795E+03
-.39772906E+03
-.39784465E+03
-.39797486E+03
-.39811787E+03
-.39826847E+03
-.39842316E+03
-.39857867E+03
-.39873536E+03
-.39889000E+03
-.39903896E+03
-.39918070E+03
-.39930820E+03
-.39941848E+03
-.39950869E+03
-.39957613E+03
-.39962173E+03
-.39964217E+03
-.39964096E+03
-.39961837E+03
-.39957603E+03
-.39951522E+03
-.39944201E+03
-.39935938E+03
-.39927393E+03
-.39918678E+03
-.39910273E+03
-.39902641E+03
-.39895546E+03
-.39888977E+03
-.39883273E+03
-.39878158E+03
-.39873465E+03
-.39868834E+03
-.39864183E+03
-.39859120E+03
-.39853488E+03
-.39846652E+03
-.39838300E+03
-.39828576E+03
-.39817254E+03
-.39804341E+03
-.39789696E+03
-.39773659E+03
-.39756832E+03
-.39739602E+03
-.39722323E+03
-.39705993E+03
-.39691013E+03
-.39678054E+03
-.39667418E+03
-.39659490E+03
-.39654839E+03
-.39653746E+03
-.39656238E+03
-.39661919E+03
-.39670352E+03
-.39681506E+03
-.39694727E+03
-.39709600E+03
-.39725548E+03
-.39742166E+03
-.39758767E+03
-.39775177E+03
-.39791005E+03
-.39805935E+03
-.39819623E+03
-.39831791E+03
-.39842324E+03
-.39850988E+03
-.39857819E+03
-.39862697E+03
-.39865825E+03
-.39866851E+03
-.39865833E+03
-.39862801E+03
-.39857683E+03
-.39850762E+03
-.39842434E+03
-.39833018E+03
-.39822298E+03
-.39810587E+03
-.39798011E+03
-.39784839E+03
-.39771369E+03
-.39758067E+03
-.39745097E+03
-.39732336E+03
-.39720180E+03
-.39708822E+03
-.39698466E+03
-.39689093E+03
-.39680848E+03
-.39673665E+03
-.39667365E+03
-.39662069E+03
-.39657547E+03
-.39653485E+03
-.39649967E+03
-.39646957E+03
-.39644411E+03
-.39642319E+03
-.39640399E+03
-.39638934E+03
-.39637852E+03
-.39637199E+03
-.39636986E+03
-.39637299E+03
-.39637969E+03
-.39639328E+03
-.39641237E+03
-.39643619E+03
-.39646173E+03
-.39648714E+03
-.39651344E+03
-.39653728E+03
-.39656162E+03
-.39658726E+03
-.39661355E+03
-.39664043E+03
-.39666581E+03
-.39668984E+03
-.39671560E+03
-.39674414E+03
-.39677648E+03
-.39681228E+03
-.39685720E+03
-.39691255E+03
-.39697866E+03
-.39705207E+03
-.39713831E+03
-.39723876E+03
-.39735179E+03
-.39747708E+03
-.39761111E+03
-.39775265E+03
-.39789779E+03
-.39804332E+03
-.39818471E+03
-.39832155E+03
-.39844886E+03
-.39856487E+03
-.39866619E+03
-.39874877E+03
-.39881500E+03
-.39886141E+03
-.39888694E+03
-.39889226E+03
-.39888190E+03
-.39885796E+03
-.39882270E+03
-.39877809E+03
-.39872171E+03
-.39865286E+03
-.39857777E+03
-.39849653E+03
-.39840892E+03
-.39831830E+03
-.39822635E+03
-.39813751E+03
-.39805278E+03
-.39797500E+03
-.39790799E+03
-.39785403E+03
-.39781475E+03
-.39779112E+03
-.39778355E+03
-.39779555E+03
-.39782535E+03
-.39787411E+03
-.39793960E+03
-.39801813E+03
-.39810903E+03
-.39821176E+03
-.39832496E+03
-.39844547E+03
-.39857208E+03
-.39870160E+03
-.39883258E+03
-.39896490E+03
-.39909640E+03
-.39922458E+03
-.39934864E+03
-.39947068E+03
-.39958852E+03
-.39970018E+03
-.39980345E+03
-.39989707E+03
-.39998407E+03
-.40006140E+03
-.40012919E+03
-.40018527E+03
-.40022560E+03
-.40024704E+03
-.40024568E+03
-.40022284E+03
-.40017677E+03
-.40010679E+03
-.40001160E+03
-.39989089E+03
-.39974505E+03
-.39957869E+03
-.39939219E+03
-.39919059E+03
-.39898104E+03
-.39876379E+03
-.39854926E+03
-.39834194E+03
-.39815110E+03
-.39798245E+03
-.39783962E+03
-.39772965E+03
-.39765284E+03
-.39761349E+03
-.39761357E+03
-.39765119E+03
-.39772586E+03
-.39783234E+03
-.39796884E+03
-.39812801E+03
-.39830397E+03
-.39849038E+03
-.39868306E+03
-.39887651E+03
-.39906827E+03
-.39925453E+03
-.39943357E+03
-.39959916E+03
-.39975024E+03
-.39988796E+03
-.40000853E+03
-.40011137E+03
-.40019842E+03
-.40026778E+03
-.40032624E+03
-.40037065E+03
-.40040377E+03
-.40042562E+03
-.40043894E+03
-.40044334E+03
-.40043947E+03
-.40042614E+03
-.40040585E+03
-.40037769E+03
-.40034250E+03
-.40030291E+03
-.40025975E+03
-.40021272E+03
-.40016364E+03
-.40011384E+03
-.40006496E+03
-.40001186E+03
-.39995969E+03
-.39990808E+03
-.39985753E+03
-.39980954E+03
-.39976284E+03
-.39971700E+03
-.39967407E+03
-.39963237E+03
-.39959228E+03
-.39955223E+03
-.39951211E+03
-.39947279E+03
-.39942911E+03
-.39938273E+03
-.39933408E+03
-.39927931E+03
-.39921974E+03
-.39915330E+03
-.39908095E+03
-.39900115E+03
-.39891309E+03
-.39881750E+03
-.39871400E+03
-.39860724E+03
-.39849796E+03
-.39839168E+03
-.39828747E+03
-.39818532E+03
-.39808638E+03
-.39799461E+03
-.39791174E+03
-.39783698E+03
-.39777053E+03
-.39770848E+03
-.39765089E+03
-.39759762E+03
-.39754568E+03
-.39749205E+03
-.39743790E+03
-.39738062E+03
-.39731701E+03
-.39724829E+03
-.39717216E+03
-.39708830E+03
-.39699654E+03
-.39689810E+03
-.39679604E+03
-.39669072E+03
-.39658552E+03
-.39647995E+03
-.39637755E+03
-.39628012E+03
-.39619318E+03
-.39611910E+03
-.39605739E+03
-.39600963E+03
-.39597673E+03
-.39596015E+03
-.39596111E+03
-.39597959E+03
-.39601442E+03
-.39606567E+03
-.39613504E+03
-.39621975E+03
-.39631743E+03
-.39642771E+03
-.39654915E+03
-.39667877E+03
-.39681289E+03
-.39694829E+03
-.39708153E+03
-.39720926E+03
-.39732991E+03
-.39743956E+03
-.39753485E+03
-.39761254E+03
-.39767198E+03
-.39771256E+03
-.39773317E+03
-.39773467E+03
-.39771420E+03
-.39767547E+03
-.39762003E+03
-.39755081E+03
-.39746963E+03
-.39738328E+03
-.39729373E+03
-.39720419E+03
-.39712061E+03
-.39704715E+03
-.39698992E+03
-.39694784E+03
-.39692420E+03
-.39692151E+03
-.39694116E+03
-.39698234E+03
-.39704342E+03
-.39712170E+03
-.39721345E+03
-.39731548E+03
-.39742273E+03
-.39753156E+03
-.39763696E+03
-.39773648E+03
-.39782510E+03
-.39789856E+03
-.39795680E+03
-.39799953E+03
-.39802498E+03
-.39803487E+03
-.39803000E+03
-.39801195E+03
-.39798234E+03
-.39794632E+03
-.39790508E+03
-.39786466E+03
-.39783023E+03
-.39780390E+03
-.39778505E+03
-.39777604E+03
-.39777946E+03
-.39779487E+03
-.39782236E+03
-.39786250E+03
-.39791212E+03
-.39797113E+03
-.39803546E+03
-.39810241E+03
-.39816783E+03
-.39823065E+03
-.39829190E+03
-.39835111E+03
-.39840808E+03
-.39846286E+03
-.39851402E+03
-.39856137E+03
-.39860759E+03
-.39865632E+03
-.39870692E+03
-.39876126E+03
-.39882050E+03
-.39888184E+03
-.39895140E+03
-.39902678E+03
-.39910681E+03
-.39918993E+03
-.39927298E+03
-.39935711E+03
-.39944271E+03
-.39952744E+03
-.39960887E+03
-.39968491E+03
-.39975760E+03
-.39982866E+03
-.39989502E+03
-.39995817E+03
-.40001776E+03
-.40007186E+03
-.40011983E+03
-.40016271E+03
-.40020113E+03
-.40023796E+03
-.40026690E+03
-.40028622E+03
-.40029346E+03
-.40029112E+03
-.40027397E+03
-.40024014E+03
-.40019017E+03
-.40012273E+03
-.40004060E+03
-.39994267E+03
-.39983032E+03
-.39970847E+03
-.39957948E+03
-.39944556E+03
-.39930826E+03
-.39917370E+03
-.39904407E+03
-.39892156E+03
-.39880307E+03
-.39869195E+03
-.39858717E+03
-.39848894E+03
-.39839774E+03
-.39831333E+03
-.39823453E+03
-.39816033E+03
-.39808896E+03
-.39801796E+03
-.39794756E+03
-.39787714E+03
-.39780804E+03
-.39774470E+03
-.39768712E+03
-.39763236E+03
-.39757986E+03
-.39753219E+03
-.39748947E+03
-.39745630E+03
-.39743006E+03
-.39740915E+03
-.39739123E+03
-.39737801E+03
-.39737055E+03
-.39736600E+03
-.39735770E+03
-.39735359E+03
-.39734874E+03
-.39734184E+03
-.39733335E+03
-.39732142E+03
-.39730809E+03
-.39729290E+03
-.39727301E+03
-.39724703E+03
-.39721509E+03
-.39718049E+03
-.39714363E+03
-.39710407E+03
-.39706048E+03
-.39701023E+03
-.39695540E+03
-.39689377E+03
-.39682856E+03
-.39675748E+03
-.39667782E+03
-.39659128E+03
-.39650024E+03
-.39640614E+03
-.39631072E+03
-.39621407E+03
-.39611599E+03
-.39601915E+03
-.39592682E+03
-.39583877E+03
-.39575855E+03
-.39568777E+03
-.39562536E+03
-.39557402E+03
-.39553317E+03
-.39550399E+03
-.39548502E+03
-.39547853E+03
-.39548442E+03
-.39550086E+03
-.39552537E+03
-.39555755E+03
-.39559616E+03
-.39563934E+03
-.39568704E+03
-.39573864E+03
-.39579103E+03
-.39583863E+03
-.39588246E+03
-.39591787E+03
-.39594156E+03
-.39595245E+03
-.39594930E+03
-.39593027E+03
-.39589068E+03
-.39583648E+03
-.39576611E+03
-.39568225E+03
-.39558758E+03
-.39548358E+03
-.39537226E+03
-.39525617E+03
-.39513802E+03
-.39502455E+03
-.39491671E+03
-.39481582E+03
-.39472440E+03
-.39464298E+03
-.39457735E+03
-.39452763E+03
-.39449406E+03
-.39447935E+03
-.39448889E+03
-.39452495E+03
-.39458916E+03
-.39468093E+03
-.39480032E+03
-.39495120E+03
-.39513415E+03
-.39534552E+03
-.39558590E+03
-.39585351E+03
-.39614594E+03
-.39646019E+03
-.39678799E+03
-.39712679E+03
-.39746969E+03
-.39780840E+03
-.39814028E+03
-.39845774E+03
-.39875946E+03
-.39903970E+03
-.39929526E+03
-.39952265E+03
-.39971802E+03
-.39987917E+03
-.40000434E+03
-.40009248E+03
-.40014204E+03
-.40015779E+03
-.40013891E+03
-.40008920E+03
-.40001086E+03
-.39990673E+03
-.39977825E+03
-.39963033E+03
-.39947020E+03
-.39930187E+03
-.39913171E+03
-.39896281E+03
-.39880330E+03
-.39866155E+03
-.39854193E+03
-.39844742E+03
-.39838339E+03
-.39835257E+03
-.39836057E+03
-.39840861E+03
-.39849618E+03
-.39862306E+03
-.39878662E+03
-.39897975E+03
-.39919855E+03
-.39943414E+03
-.39967985E+03
-.39992830E+03
-.40017301E+03
-.40040719E+03
-.40062244E+03
-.40081405E+03
-.40097678E+03
-.40110492E+03
-.40119938E+03
-.40125794E+03
-.40127526E+03
-.40125772E+03
-.40120399E+03
-.40111719E+03
-.40099985E+03
-.40085392E+03
-.40068197E+03
-.40048660E+03
-.40026840E+03
-.40003315E+03
-.39978251E+03
-.39952152E+03
-.39925624E+03
-.39898901E+03
-.39872611E+03
-.39847182E+03
-.39823164E+03
-.39801070E+03
-.39781081E+03
-.39763630E+03
-.39749064E+03
-.39737794E+03
-.39730046E+03
-.39725903E+03
-.39725475E+03
-.39728429E+03
-.39734443E+03
-.39743089E+03
-.39754032E+03
-.39766890E+03
-.39781430E+03
-.39796923E+03
-.39812918E+03
-.39829136E+03
-.39845186E+03
-.39860532E+03
-.39875163E+03
-.39889070E+03
-.39901782E+03
-.39913199E+03
-.39923339E+03
-.39931922E+03
-.39938948E+03
-.39944698E+03
-.39948903E+03
-.39951842E+03
-.39953434E+03
-.39953652E+03
-.39952543E+03
-.39949852E+03
-.39945985E+03
-.39940932E+03
-.39934767E+03
-.39927523E+03
-.39918940E+03
-.39909244E+03
-.39898515E+03
-.39886666E+03
-.39873926E+03
-.39860218E+03
-.39845753E+03
-.39830517E+03
-.39815014E+03
-.39799145E+03
-.39783041E+03
-.39766870E+03
-.39750959E+03
-.39735785E+03
-.39721424E+03
-.39708051E+03
-.39695929E+03
-.39685643E+03
