0.19897E+02
0.19999E+02
0.20126E+02
0.20278E+02
0.20454E+02
0.20652E+02
0.20868E+02
0.21095E+02
0.21333E+02
0.21577E+02
0.21823E+02
0.22066E+02
0.22298E+02
0.22512E+02
0.22704E+02
0.22869E+02
0.23002E+02
0.23099E+02
0.23155E+02
0.23165E+02
0.23129E+02
0.23045E+02
0.22912E+02
0.22733E+02
0.22514E+02
0.22259E+02
0.21973E+02
0.21663E+02
0.21341E+02
0.21014E+02
0.20694E+02
0.20390E+02
0.20111E+02
0.19866E+02
0.19660E+02
0.19501E+02
0.19392E+02
0.19336E+02
0.19334E+02
0.19385E+02
0.19487E+02
0.19637E+02
0.19828E+02
0.20056E+02
0.20315E+02
0.20598E+02
0.20897E+02
0.21203E+02
0.21512E+02
0.21817E+02
0.22108E+02
0.22379E+02
0.22623E+02
0.22836E+02
0.23015E+02
0.23156E+02
0.23254E+02
0.23311E+02
0.23328E+02
0.23311E+02
0.23266E+02
0.23196E+02
0.23109E+02
0.23010E+02
0.22906E+02
0.22802E+02
0.22701E+02
0.22607E+02
0.22523E+02
0.22453E+02
0.22399E+02
0.22363E+02
0.22345E+02
0.22343E+02
0.22358E+02
0.22385E+02
0.22426E+02
0.22484E+02
0.22559E+02
0.22652E+02
0.22763E+02
0.22895E+02
0.23049E+02
0.23226E+02
0.23426E+02
0.23652E+02
0.23904E+02
0.24182E+02
0.24484E+02
0.24808E+02
0.25151E+02
0.25507E+02
0.25871E+02
0.26237E+02
0.26598E+02
0.26949E+02
0.27288E+02
0.27608E+02
0.27901E+02
0.28164E+02
0.28395E+02
0.28590E+02
0.28752E+02
0.28881E+02
0.28970E+02
0.29019E+02
0.29033E+02
0.29014E+02
0.28961E+02
0.28879E+02
0.28772E+02
0.28642E+02
0.28492E+02
0.28333E+02
0.28167E+02
0.27997E+02
0.27829E+02
0.27668E+02
0.27519E+02
0.27384E+02
0.27265E+02
0.27164E+02
0.27079E+02
0.27008E+02
0.26945E+02
0.26890E+02
0.26837E+02
0.26782E+02
0.26720E+02
0.26648E+02
0.26559E+02
0.26448E+02
0.26319E+02
0.26169E+02
0.25999E+02
0.25809E+02
0.25603E+02
0.25383E+02
0.25151E+02
0.24911E+02
0.24663E+02
0.24410E+02
0.24155E+02
0.23900E+02
0.23645E+02
0.23391E+02
0.23140E+02
0.22890E+02
0.22643E+02
0.22398E+02
0.22159E+02
0.21925E+02
0.21697E+02
0.21479E+02
0.21271E+02
0.21071E+02
0.20881E+02
0.20700E+02
0.20531E+02
0.20378E+02
0.20240E+02
0.20113E+02
0.19996E+02
0.19890E+02
0.19795E+02
0.19708E+02
0.19629E+02
0.19555E+02
0.19485E+02
0.19418E+02
0.19353E+02
0.19287E+02
0.19220E+02
0.19152E+02
0.19080E+02
0.19004E+02
0.18923E+02
0.18837E+02
0.18744E+02
0.18646E+02
0.18542E+02
0.18430E+02
0.18307E+02
0.18173E+02
0.18030E+02
0.17880E+02
0.17723E+02
0.17561E+02
0.17394E+02
0.17225E+02
0.17053E+02
0.16882E+02
0.16712E+02
0.16545E+02
0.16386E+02
0.16234E+02
0.16092E+02
0.15961E+02
0.15843E+02
0.15744E+02
0.15663E+02
0.15600E+02
0.15556E+02
0.15531E+02
0.15524E+02
0.15532E+02
0.15557E+02
0.15598E+02
0.15652E+02
0.15717E+02
0.15791E+02
0.15874E+02
0.15964E+02
0.16061E+02
0.16163E+02
0.16271E+02
0.16385E+02
0.16506E+02
0.16635E+02
0.16769E+02
0.16912E+02
0.17063E+02
0.17226E+02
0.17400E+02
0.17586E+02
0.17782E+02
0.17987E+02
0.18200E+02
0.18422E+02
0.18650E+02
0.18882E+02
0.19116E+02
0.19348E+02
0.19577E+02
0.19802E+02
0.20018E+02
0.20224E+02
0.20417E+02
0.20597E+02
0.20764E+02
0.20917E+02
0.21057E+02
0.21188E+02
0.21308E+02
0.21419E+02
0.21526E+02
0.21628E+02
0.21728E+02
0.21827E+02
0.21923E+02
0.22021E+02
0.22119E+02
0.22219E+02
0.22322E+02
0.22426E+02
0.22526E+02
0.22619E+02
0.22707E+02
0.22785E+02
0.22855E+02
0.22916E+02
0.22968E+02
0.23014E+02
0.23054E+02
0.23087E+02
0.23113E+02
0.23134E+02
0.23150E+02
0.23165E+02
0.23178E+02
0.23186E+02
0.23185E+02
0.23177E+02
0.23161E+02
0.23133E+02
0.23091E+02
0.23034E+02
0.22962E+02
0.22874E+02
0.22769E+02
0.22650E+02
0.22519E+02
0.22375E+02
0.22222E+02
0.22063E+02
0.21902E+02
0.21742E+02
0.21583E+02
0.21432E+02
0.21292E+02
0.21166E+02
0.21057E+02
0.20969E+02
0.20903E+02
0.20859E+02
0.20839E+02
0.20843E+02
0.20871E+02
0.20925E+02
0.21005E+02
0.21114E+02
0.21252E+02
0.21418E+02
0.21612E+02
0.21831E+02
0.22073E+02
0.22335E+02
0.22614E+02
0.22908E+02
0.23213E+02
0.23524E+02
0.23835E+02
0.24141E+02
0.24436E+02
0.24713E+02
0.24969E+02
0.25201E+02
0.25404E+02
0.25577E+02
0.25717E+02
0.25821E+02
0.25889E+02
0.25923E+02
0.25926E+02
0.25901E+02
0.25851E+02
0.25779E+02
0.25687E+02
0.25579E+02
0.25454E+02
0.25314E+02
0.25160E+02
0.24994E+02
0.24820E+02
0.24638E+02
0.24451E+02
0.24260E+02
0.24069E+02
0.23883E+02
0.23707E+02
0.23546E+02
0.23402E+02
0.23279E+02
0.23184E+02
0.23117E+02
0.23077E+02
0.23063E+02
0.23071E+02
0.23100E+02
0.23143E+02
0.23204E+02
0.23280E+02
0.23365E+02
0.23453E+02
0.23539E+02
0.23620E+02
0.23694E+02
0.23757E+02
0.23804E+02
0.23836E+02
0.23855E+02
0.23858E+02
0.23844E+02
0.23816E+02
0.23775E+02
0.23720E+02
0.23648E+02
0.23561E+02
0.23459E+02
0.23342E+02
0.23209E+02
0.23059E+02
0.22893E+02
0.22710E+02
0.22511E+02
0.22298E+02
0.22071E+02
0.21833E+02
0.21584E+02
0.21328E+02
0.21069E+02
0.20809E+02
0.20548E+02
0.20288E+02
0.20033E+02
0.19785E+02
0.19545E+02
0.19319E+02
0.19107E+02
0.18907E+02
0.18720E+02
0.18548E+02
0.18390E+02
0.18246E+02
0.18116E+02
0.17998E+02
0.17891E+02
0.17795E+02
0.17709E+02
0.17633E+02
0.17563E+02
0.17500E+02
0.17442E+02
0.17389E+02
0.17341E+02
0.17297E+02
0.17260E+02
0.17229E+02
0.17205E+02
0.17187E+02
0.17177E+02
0.17177E+02
0.17187E+02
0.17206E+02
0.17235E+02
0.17276E+02
0.17330E+02
0.17395E+02
0.17472E+02
0.17560E+02
0.17658E+02
0.17763E+02
0.17874E+02
0.17989E+02
0.18106E+02
0.18225E+02
0.18346E+02
0.18467E+02
0.18589E+02
0.18709E+02
0.18826E+02
0.18942E+02
0.19056E+02
0.19168E+02
0.19278E+02
0.19385E+02
0.19492E+02
0.19601E+02
0.19712E+02
0.19821E+02
0.19926E+02
0.20031E+02
0.20133E+02
0.20232E+02
0.20324E+02
0.20408E+02
0.20485E+02
0.20554E+02
0.20613E+02
0.20657E+02
0.20688E+02
0.20705E+02
0.20710E+02
0.20703E+02
0.20684E+02
0.20655E+02
0.20614E+02
0.20566E+02
0.20513E+02
0.20457E+02
0.20402E+02
0.20348E+02
0.20299E+02
0.20258E+02
0.20224E+02
0.20199E+02
0.20180E+02
0.20169E+02
0.20163E+02
0.20161E+02
0.20162E+02
0.20164E+02
0.20161E+02
0.20152E+02
0.20135E+02
0.20106E+02
0.20063E+02
0.20006E+02
0.19936E+02
0.19853E+02
0.19759E+02
0.19656E+02
0.19552E+02
0.19450E+02
0.19352E+02
0.19264E+02
0.19187E+02
0.19127E+02
0.19089E+02
0.19076E+02
0.19089E+02
0.19126E+02
0.19185E+02
0.19262E+02
0.19356E+02
0.19466E+02
0.19587E+02
0.19715E+02
0.19845E+02
0.19980E+02
0.20116E+02
0.20252E+02
0.20389E+02
0.20523E+02
0.20655E+02
0.20782E+02
0.20906E+02
0.21027E+02
0.21144E+02
0.21257E+02
0.21364E+02
0.21464E+02
0.21553E+02
0.21630E+02
0.21695E+02
0.21746E+02
0.21781E+02
0.21801E+02
0.21804E+02
0.21791E+02
0.21761E+02
0.21714E+02
0.21649E+02
0.21571E+02
0.21482E+02
0.21388E+02
0.21290E+02
0.21192E+02
0.21098E+02
0.21012E+02
0.20937E+02
0.20879E+02
0.20843E+02
0.20830E+02
0.20846E+02
0.20890E+02
0.20963E+02
0.21060E+02
0.21178E+02
0.21310E+02
0.21453E+02
0.21599E+02
0.21741E+02
0.21871E+02
0.21984E+02
0.22074E+02
0.22133E+02
0.22158E+02
0.22153E+02
0.22120E+02
0.22061E+02
0.21979E+02
0.21878E+02
0.21763E+02
0.21637E+02
0.21504E+02
0.21366E+02
0.21224E+02
0.21083E+02
0.20944E+02
0.20808E+02
0.20677E+02
0.20551E+02
0.20430E+02
0.20315E+02
0.20209E+02
0.20113E+02
0.20028E+02
0.19955E+02
0.19896E+02
0.19851E+02
0.19822E+02
0.19807E+02
0.19806E+02
0.19817E+02
0.19839E+02
0.19869E+02
0.19905E+02
0.19943E+02
0.19983E+02
0.20019E+02
0.20047E+02
0.20066E+02
0.20075E+02
0.20070E+02
0.20049E+02
0.20010E+02
0.19953E+02
0.19879E+02
0.19788E+02
0.19681E+02
0.19558E+02
0.19417E+02
0.19262E+02
0.19093E+02
0.18913E+02
0.18723E+02
0.18526E+02
0.18321E+02
0.18112E+02
0.17900E+02
0.17686E+02
0.17471E+02
0.17256E+02
0.17042E+02
0.16830E+02
0.16623E+02
0.16421E+02
0.16227E+02
0.16042E+02
0.15867E+02
0.15703E+02
0.15549E+02
0.15408E+02
0.15280E+02
0.15169E+02
0.15074E+02
0.14995E+02
0.14934E+02
0.14891E+02
0.14868E+02
0.14865E+02
0.14885E+02
0.14925E+02
0.14987E+02
0.15074E+02
0.15181E+02
0.15310E+02
0.15461E+02
0.15631E+02
0.15819E+02
0.16020E+02
0.16230E+02
0.16445E+02
0.16661E+02
0.16876E+02
0.17085E+02
0.17285E+02
0.17472E+02
0.17642E+02
0.17793E+02
0.17923E+02
0.18029E+02
0.18109E+02
0.18162E+02
0.18188E+02
0.18191E+02
0.18173E+02
0.18136E+02
0.18082E+02
0.18014E+02
0.17936E+02
0.17851E+02
0.17763E+02
0.17676E+02
0.17595E+02
0.17520E+02
0.17457E+02
0.17408E+02
0.17376E+02
0.17362E+02
0.17370E+02
0.17401E+02
0.17456E+02
0.17533E+02
0.17634E+02
0.17759E+02
0.17909E+02
0.18079E+02
0.18267E+02
0.18470E+02
0.18684E+02
0.18908E+02
0.19139E+02
0.19372E+02
0.19604E+02
0.19826E+02
0.20038E+02
0.20236E+02
0.20418E+02
0.20583E+02
0.20726E+02
0.20846E+02
0.20946E+02
0.21025E+02
0.21085E+02
0.21125E+02
0.21145E+02
0.21149E+02
0.21142E+02
0.21127E+02
0.21107E+02
0.21087E+02
0.21072E+02
0.21063E+02
0.21063E+02
0.21076E+02
0.21098E+02
0.21134E+02
0.21184E+02
0.21245E+02
0.21316E+02
0.21393E+02
0.21475E+02
0.21562E+02
0.21649E+02
0.21735E+02
0.21818E+02
0.21892E+02
0.21957E+02
0.22010E+02
0.22052E+02
0.22083E+02
0.22101E+02
0.22102E+02
0.22091E+02
0.22069E+02
0.22038E+02
0.21998E+02
0.21952E+02
0.21897E+02
0.21834E+02
0.21764E+02
0.21692E+02
0.21619E+02
0.21550E+02
0.21485E+02
0.21428E+02
0.21379E+02
0.21338E+02
0.21301E+02
0.21268E+02
0.21240E+02
0.21216E+02
0.21194E+02
0.21172E+02
0.21146E+02
0.21116E+02
0.21081E+02
0.21042E+02
0.21002E+02
0.20960E+02
0.20919E+02
0.20882E+02
0.20851E+02
0.20831E+02
0.20823E+02
0.20830E+02
0.20852E+02
0.20891E+02
0.20945E+02
0.21013E+02
0.21088E+02
0.21167E+02
0.21243E+02
0.21315E+02
0.21378E+02
0.21429E+02
0.21463E+02
0.21475E+02
0.21467E+02
0.21440E+02
0.21391E+02
0.21320E+02
0.21233E+02
0.21132E+02
0.21016E+02
0.20889E+02
0.20752E+02
0.20608E+02
0.20463E+02
0.20321E+02
0.20183E+02
0.20051E+02
0.19926E+02
0.19810E+02
0.19704E+02
0.19612E+02
0.19537E+02
0.19478E+02
0.19439E+02
0.19421E+02
0.19426E+02
0.19456E+02
0.19509E+02
0.19584E+02
0.19680E+02
0.19796E+02
0.19930E+02
0.20080E+02
0.20240E+02
0.20404E+02
0.20567E+02
0.20725E+02
0.20875E+02
0.21015E+02
0.21141E+02
0.21249E+02
0.21339E+02
0.21410E+02
0.21460E+02
0.21485E+02
0.21486E+02
0.21464E+02
0.21422E+02
0.21362E+02
0.21282E+02
0.21186E+02
0.21073E+02
0.20945E+02
0.20807E+02
0.20662E+02
0.20512E+02
0.20358E+02
0.20204E+02
0.20049E+02
0.19897E+02
0.19750E+02
0.19610E+02
0.19479E+02
0.19355E+02
0.19240E+02
0.19135E+02
0.19041E+02
0.18960E+02
0.18892E+02
0.18836E+02
0.18793E+02
0.18763E+02
0.18745E+02
0.18740E+02
0.18749E+02
0.18771E+02
0.18802E+02
0.18839E+02
0.18881E+02
0.18928E+02
0.18977E+02
0.19025E+02
0.19071E+02
0.19112E+02
0.19147E+02
0.19172E+02
0.19186E+02
0.19186E+02
0.19172E+02
0.19142E+02
0.19093E+02
0.19027E+02
0.18945E+02
0.18850E+02
0.18743E+02
0.18626E+02
0.18501E+02
0.18370E+02
0.18237E+02
0.18106E+02
0.17979E+02
0.17860E+02
0.17752E+02
0.17654E+02
0.17565E+02
0.17489E+02
0.17427E+02
0.17381E+02
0.17351E+02
0.17339E+02
0.17343E+02
0.17364E+02
0.17403E+02
0.17458E+02
0.17530E+02
0.17616E+02
0.17717E+02
0.17828E+02
0.17948E+02
0.18076E+02
0.18210E+02
0.18345E+02
0.18483E+02
0.18621E+02
0.18756E+02
0.18884E+02
0.19004E+02
0.19113E+02
0.19208E+02
0.19288E+02
0.19349E+02
0.19391E+02
0.19411E+02
0.19407E+02
0.19377E+02
0.19322E+02
0.19241E+02
0.19137E+02
0.19014E+02
0.18874E+02
0.18719E+02
0.18554E+02
0.18387E+02
0.18223E+02
0.18070E+02
0.17931E+02
0.17811E+02
0.17713E+02
0.17641E+02
0.17593E+02
0.17572E+02
0.17577E+02
0.17608E+02
0.17663E+02
0.17739E+02
0.17833E+02
0.17940E+02
0.18057E+02
0.18179E+02
0.18303E+02
0.18421E+02
0.18529E+02
0.18621E+02
0.18694E+02
0.18746E+02
0.18773E+02
0.18774E+02
0.18751E+02
0.18702E+02
0.18626E+02
0.18527E+02
0.18411E+02
0.18282E+02
0.18141E+02
0.17991E+02
0.17839E+02
0.17687E+02
0.17538E+02
0.17393E+02
0.17255E+02
0.17129E+02
0.17016E+02
0.16916E+02
0.16831E+02
0.16762E+02
0.16709E+02
0.16676E+02
0.16665E+02
0.16672E+02
0.16698E+02
0.16744E+02
0.16809E+02
0.16892E+02
0.16988E+02
0.17098E+02
0.17222E+02
0.17356E+02
0.17497E+02
0.17646E+02
0.17801E+02
0.17959E+02
0.18116E+02
0.18272E+02
0.18425E+02
0.18573E+02
0.18715E+02
0.18847E+02
0.18969E+02
0.19078E+02
0.19176E+02
0.19258E+02
0.19325E+02
0.19376E+02
0.19411E+02
0.19429E+02
0.19432E+02
0.19420E+02
0.19397E+02
0.19362E+02
0.19315E+02
0.19257E+02
0.19191E+02
0.19120E+02
0.19045E+02
0.18968E+02
0.18890E+02
0.18814E+02
0.18741E+02
0.18671E+02
0.18605E+02
0.18547E+02
0.18496E+02
0.18453E+02
0.18419E+02
0.18393E+02
0.18376E+02
0.18368E+02
0.18369E+02
0.18377E+02
0.18390E+02
0.18404E+02
0.18419E+02
0.18433E+02
0.18444E+02
0.18452E+02
0.18454E+02
0.18447E+02
0.18431E+02
0.18402E+02
0.18360E+02
0.18305E+02
0.18235E+02
0.18154E+02
0.18062E+02
0.17959E+02
0.17846E+02
0.17725E+02
0.17600E+02
0.17474E+02
0.17347E+02
0.17221E+02
0.17100E+02
0.16988E+02
0.16884E+02
0.16786E+02
0.16700E+02
0.16626E+02
0.16562E+02
0.16506E+02
0.16458E+02
0.16419E+02
0.16388E+02
0.16364E+02
0.16346E+02
0.16336E+02
0.16333E+02
0.16336E+02
0.16344E+02
0.16359E+02
0.16382E+02
0.16413E+02
0.16454E+02
0.16505E+02
0.16565E+02
0.16634E+02
0.16711E+02
0.16795E+02
0.16886E+02
0.16985E+02
0.17092E+02
0.17204E+02
0.17319E+02
0.17434E+02
0.17550E+02
0.17668E+02
0.17791E+02
0.17919E+02
0.18054E+02
0.18199E+02
0.18356E+02
0.18525E+02
0.18704E+02
0.18894E+02
0.19098E+02
0.19314E+02
0.19539E+02
0.19769E+02
0.20001E+02
0.20232E+02
0.20455E+02
0.20669E+02
0.20870E+02
0.21055E+02
0.21220E+02
0.21360E+02
0.21476E+02
0.21563E+02
0.21620E+02
0.21647E+02
0.21643E+02
0.21610E+02
0.21549E+02
0.21460E+02
0.21346E+02
0.21209E+02
0.21051E+02
0.20879E+02
0.20693E+02
0.20499E+02
0.20300E+02
0.20102E+02
0.19908E+02
0.19725E+02
0.19556E+02
0.19407E+02
0.19278E+02
0.19175E+02
0.19100E+02
0.19055E+02
0.19043E+02
0.19066E+02
0.19120E+02
0.19204E+02
0.19316E+02
0.19453E+02
0.19610E+02
0.19783E+02
0.19964E+02
0.20147E+02
0.20329E+02
0.20509E+02
0.20679E+02
0.20835E+02
0.20976E+02
0.21101E+02
0.21209E+02
0.21300E+02
0.21376E+02
0.21438E+02
0.21487E+02
0.21527E+02
0.21559E+02
0.21581E+02
0.21594E+02
0.21599E+02
0.21594E+02
0.21579E+02
0.21555E+02
0.21524E+02
0.21487E+02
0.21442E+02
0.21386E+02
0.21321E+02
0.21249E+02
0.21172E+02
0.21092E+02
0.21008E+02
0.20919E+02
0.20827E+02
0.20733E+02
0.20636E+02
0.20536E+02
0.20431E+02
0.20322E+02
0.20209E+02
0.20092E+02
0.19971E+02
0.19848E+02
0.19726E+02
0.19606E+02
0.19494E+02
0.19392E+02
0.19306E+02
0.19238E+02
0.19191E+02
0.19169E+02
0.19173E+02
0.19206E+02
0.19269E+02
0.19361E+02
0.19481E+02
0.19627E+02
0.19796E+02
0.19983E+02
0.20183E+02
0.20390E+02
0.20598E+02
0.20803E+02
0.20999E+02
0.21180E+02
0.21340E+02
0.21477E+02
0.21587E+02
0.21668E+02
0.21717E+02
0.21733E+02
0.21721E+02
0.21683E+02
0.21621E+02
0.21543E+02
0.21454E+02
0.21359E+02
0.21267E+02
0.21179E+02
0.21096E+02
0.21022E+02
0.20957E+02
0.20899E+02
0.20843E+02
0.20781E+02
0.20711E+02
0.20630E+02
0.20530E+02
0.20407E+02
0.20261E+02
0.20094E+02
0.19904E+02
0.19690E+02
0.19455E+02
0.19205E+02
0.18943E+02
0.18676E+02
0.18412E+02
0.18159E+02
0.17928E+02
0.17724E+02
0.17555E+02
0.17425E+02
0.17337E+02
0.17292E+02
0.17287E+02
0.17317E+02
0.17378E+02
0.17462E+02
0.17564E+02
0.17676E+02
0.17792E+02
0.17910E+02
0.18025E+02
0.18135E+02
0.18237E+02
0.18329E+02
0.18410E+02
0.18481E+02
0.18542E+02
0.18594E+02
0.18636E+02
0.18668E+02
0.18691E+02
0.18704E+02
0.18707E+02
0.18698E+02
0.18678E+02
0.18649E+02
0.18608E+02
0.18560E+02
0.18505E+02
0.18443E+02
0.18376E+02
0.18309E+02
0.18246E+02
0.18191E+02
0.18148E+02
0.18120E+02
0.18106E+02
0.18110E+02
0.18134E+02
0.18178E+02
0.18241E+02
0.18323E+02
0.18420E+02
0.18529E+02
0.18646E+02
0.18766E+02
0.18886E+02
0.19001E+02
0.19107E+02
0.19201E+02
0.19278E+02
0.19335E+02
0.19371E+02
0.19384E+02
0.19373E+02
0.19335E+02
0.19271E+02
0.19178E+02
0.19058E+02
0.18911E+02
0.18741E+02
0.18549E+02
0.18340E+02
0.18119E+02
0.17887E+02
0.17644E+02
0.17399E+02
0.17156E+02
0.16918E+02
0.16690E+02
0.16475E+02
0.16278E+02
0.16104E+02
0.15956E+02
0.15838E+02
0.15750E+02
0.15694E+02
0.15668E+02
0.15672E+02
0.15708E+02
0.15775E+02
0.15871E+02
0.15994E+02
0.16142E+02
0.16313E+02
0.16506E+02
0.16717E+02
0.16945E+02
0.17187E+02
0.17438E+02
0.17693E+02
0.17951E+02
0.18210E+02
0.18462E+02
0.18704E+02
0.18933E+02
0.19145E+02
0.19335E+02
0.19501E+02
0.19642E+02
0.19756E+02
0.19844E+02
0.19907E+02
0.19948E+02
0.19969E+02
0.19971E+02
0.19958E+02
0.19938E+02
0.19917E+02
0.19898E+02
0.19887E+02
0.19889E+02
0.19904E+02
0.19935E+02
0.19982E+02
0.20046E+02
0.20124E+02
0.20213E+02
0.20310E+02
0.20412E+02
0.20519E+02
0.20627E+02
0.20732E+02
0.20831E+02
0.20921E+02
0.21003E+02
0.21076E+02
0.21138E+02
0.21191E+02
0.21235E+02
0.21270E+02
0.21297E+02
0.21316E+02
0.21323E+02
0.21315E+02
0.21292E+02
0.21253E+02
0.21198E+02
0.21123E+02
0.21027E+02
0.20911E+02
0.20774E+02
0.20620E+02
0.20450E+02
0.20266E+02
0.20070E+02
0.19869E+02
0.19668E+02
0.19476E+02
0.19299E+02
0.19144E+02
0.19020E+02
0.18935E+02
0.18891E+02
0.18892E+02
0.18938E+02
0.19030E+02
0.19164E+02
0.19338E+02
0.19546E+02
0.19784E+02
0.20041E+02
0.20311E+02
0.20583E+02
0.20849E+02
0.21101E+02
0.21333E+02
0.21540E+02
0.21716E+02
0.21857E+02
0.21960E+02
0.22025E+02
0.22054E+02
0.22048E+02
0.22009E+02
0.21943E+02
0.21858E+02
0.21758E+02
0.21650E+02
0.21538E+02
0.21428E+02
0.21322E+02
0.21228E+02
0.21150E+02
0.21089E+02
0.21045E+02
0.21020E+02
0.21012E+02
0.21019E+02
0.21040E+02
0.21072E+02
0.21110E+02
0.21149E+02
0.21187E+02
0.21222E+02
0.21251E+02
0.21271E+02
0.21281E+02
0.21279E+02
0.21261E+02
0.21229E+02
0.21183E+02
0.21125E+02
0.21059E+02
0.20985E+02
0.20906E+02
0.20824E+02
0.20742E+02
0.20666E+02
0.20600E+02
0.20545E+02
0.20505E+02
0.20482E+02
0.20482E+02
0.20506E+02
0.20554E+02
0.20628E+02
0.20730E+02
0.20859E+02
0.21015E+02
0.21191E+02
0.21383E+02
0.21586E+02
0.21791E+02
0.21985E+02
0.22160E+02
0.22307E+02
0.22419E+02
0.22487E+02
0.22506E+02
0.22473E+02
0.22386E+02
0.22249E+02
0.22068E+02
0.21852E+02
0.21611E+02
0.21354E+02
0.21089E+02
0.20825E+02
0.20570E+02
0.20332E+02
0.20117E+02
0.19930E+02
0.19772E+02
0.19646E+02
0.19549E+02
0.19474E+02
0.19418E+02
0.19377E+02
0.19343E+02
0.19316E+02
0.19291E+02
0.19264E+02
0.19234E+02
0.19197E+02
0.19151E+02
0.19099E+02
0.19041E+02
0.18979E+02
0.18913E+02
0.18843E+02
0.18772E+02
0.18702E+02
0.18633E+02
0.18563E+02
0.18493E+02
0.18421E+02
0.18351E+02
0.18284E+02
0.18217E+02
0.18153E+02
0.18093E+02
0.18042E+02
0.17999E+02
0.17966E+02
0.17944E+02
0.17937E+02
0.17946E+02
0.17969E+02
0.18004E+02
0.18051E+02
0.18109E+02
0.18178E+02
0.18256E+02
0.18342E+02
0.18435E+02
0.18530E+02
0.18626E+02
0.18720E+02
0.18813E+02
0.18905E+02
0.18990E+02
0.19068E+02
0.19136E+02
0.19189E+02
0.19225E+02
0.19243E+02
0.19243E+02
0.19224E+02
0.19185E+02
0.19124E+02
0.19043E+02
0.18940E+02
0.18817E+02
0.18676E+02
0.18521E+02
0.18358E+02
0.18189E+02
0.18019E+02
0.17849E+02
0.17683E+02
0.17527E+02
0.17383E+02
0.17256E+02
0.17147E+02
0.17058E+02
0.16990E+02
0.16944E+02
0.16919E+02
0.16915E+02
0.16935E+02
0.16971E+02
0.17026E+02
0.17094E+02
0.17173E+02
0.17260E+02
0.17352E+02
0.17446E+02
0.17541E+02
0.17636E+02
0.17729E+02
0.17819E+02
0.17906E+02
0.17993E+02
0.18077E+02
0.18158E+02
0.18236E+02
0.18314E+02
0.18397E+02
0.18485E+02
0.18579E+02
0.18677E+02
0.18781E+02
0.18892E+02
0.19008E+02
0.19128E+02
0.19253E+02
0.19378E+02
0.19504E+02
0.19631E+02
0.19758E+02
0.19880E+02
0.19996E+02
0.20104E+02
0.20203E+02
0.20293E+02
0.20375E+02
0.20448E+02
0.20514E+02
0.20577E+02
0.20639E+02
0.20701E+02
0.20765E+02
0.20832E+02
0.20903E+02
0.20980E+02
0.21062E+02
0.21149E+02
0.21240E+02
0.21330E+02
0.21415E+02
0.21494E+02
0.21563E+02
0.21617E+02
0.21653E+02
0.21667E+02
0.21656E+02
0.21621E+02
0.21563E+02
0.21482E+02
0.21379E+02
0.21256E+02
0.21114E+02
0.20958E+02
0.20787E+02
0.20604E+02
0.20411E+02
0.20216E+02
0.20021E+02
0.19826E+02
0.19633E+02
0.19445E+02
0.19266E+02
0.19097E+02
0.18943E+02
0.18806E+02
0.18685E+02
0.18583E+02
0.18499E+02
0.18434E+02
0.18387E+02
0.18356E+02
0.18340E+02
0.18335E+02
0.18341E+02
0.18355E+02
0.18377E+02
0.18405E+02
0.18438E+02
0.18475E+02
0.18513E+02
0.18554E+02
0.18600E+02
0.18651E+02
0.18710E+02
0.18780E+02
0.18865E+02
0.18969E+02
0.19091E+02
0.19233E+02
0.19394E+02
0.19574E+02
0.19769E+02
0.19976E+02
0.20193E+02
0.20415E+02
0.20635E+02
0.20848E+02
0.21045E+02
0.21223E+02
0.21379E+02
0.21508E+02
0.21607E+02
0.21674E+02
0.21708E+02
0.21709E+02
0.21675E+02
0.21605E+02
0.21503E+02
0.21372E+02
0.21213E+02
0.21027E+02
0.20820E+02
0.20599E+02
0.20371E+02
0.20141E+02
0.19916E+02
0.19701E+02
0.19504E+02
0.19332E+02
0.19187E+02
0.19075E+02
0.18998E+02
0.18956E+02
0.18948E+02
0.18969E+02
0.19015E+02
0.19083E+02
0.19168E+02
0.19263E+02
0.19361E+02
0.19455E+02
0.19541E+02
0.19613E+02
0.19665E+02
0.19694E+02
0.19698E+02
0.19677E+02
0.19630E+02
0.19557E+02
0.19459E+02
0.19340E+02
0.19204E+02
0.19055E+02
0.18897E+02
0.18734E+02
0.18570E+02
0.18410E+02
0.18254E+02
0.18108E+02
0.17975E+02
0.17858E+02
0.17758E+02
0.17675E+02
0.17609E+02
0.17559E+02
0.17526E+02
0.17509E+02
0.17509E+02
0.17520E+02
0.17539E+02
0.17567E+02
0.17603E+02
0.17647E+02
0.17695E+02
0.17745E+02
0.17797E+02
0.17849E+02
0.17901E+02
0.17956E+02
0.18013E+02
0.18073E+02
0.18137E+02
0.18203E+02
0.18272E+02
0.18343E+02
0.18415E+02
0.18488E+02
0.18558E+02
0.18625E+02
0.18685E+02
0.18735E+02
0.18772E+02
0.18794E+02
0.18802E+02
0.18797E+02
0.18778E+02
0.18746E+02
0.18702E+02
0.18647E+02
0.18583E+02
0.18513E+02
0.18438E+02
0.18360E+02
0.18286E+02
0.18220E+02
0.18163E+02
0.18119E+02
0.18091E+02
0.18080E+02
0.18092E+02
0.18129E+02
0.18193E+02
0.18285E+02
0.18405E+02
0.18555E+02
0.18733E+02
0.18935E+02
0.19153E+02
0.19382E+02
0.19616E+02
0.19845E+02
0.20063E+02
0.20267E+02
0.20452E+02
0.20609E+02
0.20733E+02
0.20822E+02
0.20873E+02
0.20884E+02
0.20855E+02
0.20790E+02
0.20690E+02
0.20559E+02
0.20406E+02
0.20233E+02
0.20046E+02
0.19851E+02
0.19655E+02
0.19463E+02
0.19283E+02
0.19121E+02
0.18976E+02
0.18853E+02
0.18753E+02
0.18677E+02
0.18624E+02
0.18594E+02
0.18587E+02
0.18598E+02
0.18622E+02
0.18656E+02
0.18700E+02
0.18749E+02
0.18805E+02
0.18863E+02
0.18920E+02
0.18979E+02
0.19040E+02
0.19101E+02
0.19164E+02
0.19227E+02
0.19287E+02
0.19348E+02
0.19409E+02
0.19466E+02
0.19522E+02
0.19574E+02
0.19624E+02
0.19671E+02
0.19712E+02
0.19744E+02
0.19770E+02
0.19787E+02
0.19795E+02
0.19796E+02
0.19788E+02
0.19773E+02
0.19752E+02
0.19728E+02
0.19704E+02
0.19678E+02
0.19654E+02
0.19637E+02
0.19624E+02
0.19615E+02
0.19611E+02
0.19613E+02
0.19622E+02
0.19637E+02
0.19658E+02
0.19686E+02
0.19723E+02
0.19764E+02
0.19808E+02
0.19856E+02
0.19910E+02
0.19971E+02
0.20039E+02
0.20113E+02
0.20195E+02
0.20285E+02
0.20385E+02
0.20494E+02
0.20611E+02
0.20731E+02
0.20856E+02
0.20985E+02
0.21113E+02
0.21239E+02
0.21361E+02
0.21479E+02
0.21590E+02
0.21693E+02
0.21788E+02
0.21874E+02
0.21950E+02
0.22013E+02
0.22065E+02
0.22106E+02
0.22138E+02
0.22157E+02
0.22164E+02
0.22162E+02
0.22150E+02
0.22128E+02
0.22099E+02
0.22063E+02
0.22020E+02
0.21975E+02
0.21931E+02
0.21888E+02
0.21848E+02
0.21814E+02
0.21787E+02
0.21768E+02
0.21756E+02
0.21750E+02
0.21747E+02
0.21746E+02
0.21747E+02
0.21748E+02
0.21744E+02
0.21735E+02
0.21718E+02
0.21693E+02
0.21658E+02
0.21609E+02
0.21549E+02
0.21476E+02
0.21392E+02
0.21299E+02
0.21197E+02
0.21089E+02
0.20974E+02
0.20856E+02
0.20735E+02
0.20611E+02
0.20489E+02
0.20371E+02
0.20252E+02
0.20135E+02
0.20023E+02
0.19916E+02
0.19814E+02
0.19719E+02
0.19629E+02
0.19542E+02
0.19460E+02
0.19382E+02
0.19309E+02
0.19241E+02
0.19178E+02
0.19123E+02
0.19074E+02
0.19033E+02
0.18999E+02
0.18975E+02
0.18958E+02
0.18948E+02
0.18942E+02
0.18941E+02
0.18945E+02
0.18953E+02
0.18963E+02
0.18973E+02
0.18979E+02
0.18982E+02
0.18984E+02
0.18980E+02
0.18970E+02
0.18955E+02
0.18932E+02
0.18901E+02
0.18862E+02
0.18816E+02
0.18764E+02
0.18704E+02
0.18633E+02
0.18550E+02
0.18456E+02
0.18352E+02
0.18237E+02
0.18113E+02
0.17981E+02
0.17841E+02
0.17697E+02
0.17549E+02
0.17399E+02
0.17247E+02
0.17099E+02
0.16956E+02
0.16823E+02
0.16702E+02
0.16596E+02
0.16507E+02
0.16436E+02
0.16384E+02
0.16350E+02
0.16336E+02
0.16343E+02
0.16372E+02
0.16420E+02
0.16485E+02
0.16567E+02
0.16662E+02
0.16769E+02
0.16886E+02
0.17008E+02
0.17133E+02
0.17259E+02
0.17383E+02
0.17504E+02
0.17621E+02
0.17733E+02
0.17836E+02
0.17927E+02
0.18003E+02
0.18066E+02
0.18116E+02
0.18151E+02
0.18170E+02
0.18168E+02
0.18146E+02
0.18106E+02
0.18049E+02
0.17976E+02
0.17888E+02
0.17788E+02
0.17680E+02
0.17567E+02
0.17454E+02
0.17347E+02
0.17249E+02
0.17163E+02
0.17093E+02
0.17044E+02
0.17018E+02
0.17018E+02
0.17047E+02
0.17106E+02
0.17194E+02
0.17315E+02
0.17467E+02
0.17648E+02
0.17856E+02
0.18090E+02
0.18345E+02
0.18617E+02
0.18901E+02
0.19192E+02
0.19487E+02
0.19780E+02
0.20064E+02
0.20334E+02
0.20586E+02
0.20816E+02
0.21021E+02
0.21196E+02
0.21338E+02
0.21444E+02
0.21510E+02
0.21535E+02
0.21523E+02
0.21471E+02
0.21382E+02
0.21262E+02
0.21114E+02
0.20941E+02
0.20752E+02
0.20553E+02
0.20349E+02
0.20146E+02
0.19951E+02
0.19769E+02
0.19602E+02
0.19458E+02
0.19338E+02
0.19243E+02
0.19170E+02
0.19120E+02
0.19091E+02
0.19078E+02
0.19078E+02
0.19088E+02
0.19107E+02
0.19129E+02
0.19150E+02
0.19167E+02
0.19179E+02
0.19186E+02
0.19186E+02
0.19183E+02
0.19176E+02
0.19167E+02
0.19157E+02
0.19149E+02
0.19144E+02
0.19145E+02
0.19152E+02
0.19167E+02
0.19193E+02
0.19230E+02
0.19274E+02
0.19328E+02
0.19389E+02
0.19456E+02
0.19525E+02
0.19596E+02
0.19664E+02
0.19727E+02
0.19783E+02
0.19828E+02
0.19863E+02
0.19884E+02
0.19893E+02
0.19891E+02
0.19880E+02
0.19859E+02
0.19828E+02
0.19788E+02
0.19744E+02
0.19700E+02
0.19658E+02
0.19623E+02
0.19595E+02
0.19573E+02
0.19561E+02
0.19560E+02
0.19570E+02
0.19590E+02
0.19616E+02
0.19649E+02
0.19686E+02
0.19729E+02
0.19774E+02
0.19818E+02
0.19862E+02
0.19904E+02
0.19943E+02
0.19980E+02
0.20016E+02
0.20051E+02
0.20086E+02
0.20125E+02
0.20169E+02
0.20222E+02
0.20287E+02
0.20361E+02
0.20443E+02
0.20528E+02
0.20614E+02
0.20698E+02
0.20774E+02
0.20839E+02
0.20889E+02
0.20921E+02
0.20931E+02
0.20919E+02
0.20886E+02
0.20832E+02
0.20761E+02
0.20679E+02
0.20589E+02
0.20494E+02
0.20404E+02
0.20323E+02
0.20254E+02
0.20200E+02
0.20164E+02
0.20147E+02
0.20147E+02
0.20161E+02
0.20187E+02
0.20225E+02
0.20269E+02
0.20316E+02
0.20362E+02
0.20403E+02
0.20435E+02
0.20456E+02
0.20466E+02
0.20464E+02
0.20448E+02
0.20420E+02
0.20376E+02
0.20315E+02
0.20240E+02
0.20153E+02
0.20056E+02
0.19951E+02
0.19842E+02
0.19734E+02
0.19626E+02
0.19523E+02
0.19429E+02
0.19344E+02
0.19271E+02
0.19213E+02
0.19169E+02
0.19140E+02
0.19126E+02
0.19125E+02
0.19135E+02
0.19152E+02
0.19172E+02
0.19192E+02
0.19207E+02
0.19213E+02
0.19208E+02
0.19188E+02
0.19153E+02
0.19103E+02
0.19039E+02
0.18965E+02
0.18883E+02
0.18801E+02
0.18724E+02
0.18658E+02
0.18606E+02
0.18570E+02
0.18553E+02
0.18553E+02
0.18569E+02
0.18597E+02
0.18635E+02
0.18678E+02
0.18722E+02
0.18759E+02
0.18784E+02
0.18795E+02
0.18785E+02
0.18754E+02
0.18702E+02
0.18627E+02
0.18532E+02
0.18419E+02
0.18291E+02
0.18152E+02
0.18008E+02
0.17863E+02
0.17721E+02
0.17585E+02
0.17459E+02
0.17348E+02
0.17254E+02
0.17183E+02
0.17138E+02
0.17120E+02
0.17128E+02
0.17160E+02
0.17215E+02
0.17291E+02
0.17388E+02
0.17501E+02
0.17627E+02
0.17761E+02
0.17899E+02
0.18038E+02
0.18174E+02
0.18301E+02
0.18418E+02
0.18525E+02
0.18618E+02
0.18694E+02
0.18753E+02
0.18794E+02
0.18817E+02
0.18825E+02
0.18820E+02
0.18801E+02
0.18770E+02
0.18728E+02
0.18680E+02
0.18626E+02
0.18569E+02
0.18509E+02
0.18451E+02
0.18396E+02
0.18344E+02
0.18299E+02
0.18264E+02
0.18241E+02
0.18229E+02
0.18233E+02
0.18254E+02
0.18291E+02
0.18346E+02
0.18419E+02
0.18508E+02
0.18614E+02
0.18736E+02
0.18873E+02
0.19021E+02
0.19178E+02
0.19340E+02
0.19502E+02
0.19665E+02
0.19825E+02
0.19979E+02
0.20124E+02
0.20255E+02
0.20367E+02
0.20460E+02
0.20531E+02
0.20579E+02
0.20602E+02
0.20603E+02
0.20583E+02
0.20542E+02
0.20484E+02
0.20412E+02
0.20331E+02
0.20246E+02
0.20158E+02
0.20072E+02
0.19991E+02
0.19915E+02
0.19842E+02
0.19777E+02
0.19716E+02
0.19657E+02
0.19600E+02
0.19541E+02
0.19477E+02
0.19409E+02
0.19328E+02
0.19233E+02
0.19125E+02
0.19002E+02
0.18862E+02
0.18707E+02
0.18539E+02
0.18364E+02
0.18185E+02
0.18006E+02
0.17838E+02
0.17684E+02
0.17551E+02
0.17443E+02
0.17363E+02
0.17318E+02
0.17310E+02
0.17338E+02
0.17400E+02
0.17492E+02
0.17611E+02
0.17753E+02
0.17913E+02
0.18084E+02
0.18263E+02
0.18442E+02
0.18620E+02
0.18792E+02
0.18956E+02
0.19107E+02
0.19242E+02
0.19362E+02
0.19461E+02
0.19541E+02
0.19603E+02
0.19646E+02
0.19668E+02
0.19668E+02
0.19648E+02
0.19606E+02
0.19545E+02
0.19468E+02
0.19380E+02
0.19279E+02
0.19167E+02
0.19047E+02
0.18921E+02
0.18793E+02
0.18667E+02
0.18545E+02
0.18426E+02
0.18312E+02
0.18208E+02
0.18114E+02
0.18031E+02
0.17960E+02
0.17901E+02
0.17851E+02
0.17811E+02
0.17780E+02
0.17755E+02
0.17737E+02
0.17725E+02
0.17718E+02
0.17715E+02
0.17716E+02
0.17721E+02
0.17730E+02
0.17744E+02
0.17761E+02
0.17783E+02
0.17809E+02
0.17840E+02
0.17875E+02
0.17912E+02
0.17949E+02
0.17985E+02
0.18018E+02
0.18049E+02
0.18078E+02
0.18107E+02
0.18134E+02
0.18160E+02
0.18183E+02
0.18203E+02
0.18223E+02
0.18244E+02
0.18267E+02
0.18293E+02
0.18327E+02
0.18371E+02
0.18424E+02
0.18486E+02
0.18560E+02
0.18648E+02
0.18748E+02
0.18859E+02
0.18979E+02
0.19106E+02
0.19236E+02
0.19366E+02
0.19493E+02
0.19615E+02
0.19728E+02
0.19829E+02
0.19914E+02
0.19982E+02
0.20033E+02
0.20065E+02
0.20075E+02
0.20065E+02
0.20040E+02
0.20001E+02
0.19950E+02
0.19888E+02
0.19815E+02
0.19729E+02
0.19636E+02
0.19536E+02
0.19430E+02
0.19320E+02
0.19209E+02
0.19101E+02
0.18997E+02
0.18900E+02
0.18814E+02
0.18742E+02
0.18685E+02
0.18645E+02
0.18623E+02
0.18621E+02
0.18639E+02
0.18677E+02
0.18734E+02
0.18806E+02
0.18892E+02
0.18993E+02
0.19107E+02
0.19230E+02
0.19361E+02
0.19496E+02
0.19634E+02
0.19773E+02
0.19913E+02
0.20050E+02
0.20184E+02
0.20315E+02
0.20442E+02
0.20561E+02
0.20672E+02
0.20772E+02
0.20862E+02
0.20942E+02
0.21010E+02
0.21064E+02
0.21103E+02
0.21121E+02
0.21117E+02
0.21089E+02
0.21038E+02
0.20963E+02
0.20862E+02
0.20737E+02
0.20587E+02
0.20414E+02
0.20223E+02
0.20018E+02
0.19803E+02
0.19583E+02
0.19364E+02
0.19155E+02
0.18961E+02
0.18788E+02
0.18642E+02
0.18529E+02
0.18452E+02
0.18411E+02
0.18411E+02
0.18449E+02
0.18526E+02
0.18636E+02
0.18775E+02
0.18939E+02
0.19120E+02
0.19313E+02
0.19513E+02
0.19715E+02
0.19914E+02
0.20110E+02
0.20296E+02
0.20472E+02
0.20634E+02
0.20781E+02
0.20913E+02
0.21029E+02
0.21130E+02
0.21217E+02
0.21291E+02
0.21354E+02
0.21407E+02
0.21450E+02
0.21485E+02
0.21512E+02
0.21530E+02
0.21541E+02
0.21544E+02
0.21540E+02
0.21528E+02
0.21510E+02
0.21487E+02
0.21460E+02
0.21430E+02
0.21398E+02
0.21364E+02
0.21326E+02
0.21286E+02
0.21245E+02
0.21204E+02
0.21162E+02
0.21120E+02
0.21078E+02
0.21038E+02
0.20998E+02
0.20958E+02
0.20916E+02
0.20874E+02
0.20832E+02
0.20786E+02
0.20736E+02
0.20682E+02
0.20624E+02
0.20561E+02
0.20492E+02
0.20417E+02
0.20336E+02
0.20246E+02
0.20149E+02
0.20046E+02
0.19940E+02
0.19833E+02
0.19729E+02
0.19628E+02
0.19530E+02
0.19435E+02
0.19347E+02
0.19268E+02
0.19197E+02
0.19133E+02
0.19075E+02
0.19021E+02
0.18970E+02
0.18920E+02
0.18869E+02
0.18816E+02
0.18760E+02
0.18698E+02
0.18630E+02
0.18555E+02
0.18472E+02
0.18380E+02
0.18280E+02
0.18177E+02
0.18070E+02
0.17961E+02
0.17852E+02
0.17746E+02
0.17644E+02
0.17550E+02
0.17467E+02
0.17397E+02
0.17340E+02
0.17296E+02
0.17268E+02
0.17257E+02
0.17263E+02
0.17285E+02
0.17324E+02
0.17380E+02
0.17451E+02
0.17537E+02
0.17635E+02
0.17744E+02
0.17861E+02
0.17984E+02
0.18110E+02
0.18233E+02
0.18352E+02
0.18465E+02
0.18569E+02
0.18657E+02
0.18729E+02
0.18784E+02
0.18821E+02
0.18840E+02
0.18839E+02
0.18817E+02
0.18777E+02
0.18720E+02
0.18647E+02
0.18563E+02
0.18472E+02
0.18376E+02
0.18280E+02
0.18188E+02
0.18106E+02
0.18037E+02
0.17984E+02
0.17948E+02
0.17932E+02
0.17937E+02
0.17962E+02
0.18009E+02
0.18072E+02
0.18148E+02
0.18234E+02
0.18326E+02
0.18419E+02
0.18511E+02
0.18596E+02
0.18670E+02
0.18731E+02
0.18779E+02
0.18811E+02
0.18828E+02
0.18831E+02
0.18820E+02
0.18798E+02
0.18766E+02
0.18728E+02
0.18687E+02
0.18647E+02
0.18615E+02
0.18590E+02
0.18574E+02
0.18569E+02
0.18576E+02
0.18596E+02
0.18629E+02
0.18674E+02
0.18729E+02
0.18793E+02
0.18861E+02
0.18933E+02
0.19003E+02
0.19070E+02
0.19136E+02
0.19199E+02
0.19261E+02
0.19320E+02
0.19376E+02
0.19429E+02
0.19483E+02
0.19540E+02
0.19600E+02
0.19666E+02
0.19736E+02
0.19810E+02
0.19892E+02
0.19981E+02
0.20074E+02
0.20170E+02
0.20266E+02
0.20364E+02
0.20463E+02
0.20560E+02
0.20653E+02
0.20740E+02
0.20823E+02
0.20901E+02
0.20974E+02
0.21041E+02
0.21103E+02
0.21159E+02
0.21208E+02
0.21250E+02
0.21288E+02
0.21321E+02
0.21348E+02
0.21364E+02
0.21368E+02
0.21361E+02
0.21339E+02
0.21302E+02
0.21248E+02
0.21177E+02
0.21091E+02
0.20989E+02
0.20872E+02
0.20746E+02
0.20613E+02
0.20476E+02
0.20336E+02
0.20198E+02
0.20066E+02
0.19941E+02
0.19822E+02
0.19709E+02
0.19603E+02
0.19503E+02
0.19413E+02
0.19329E+02
0.19251E+02
0.19177E+02
0.19108E+02
0.19038E+02
0.18969E+02
0.18901E+02
0.18834E+02
0.18772E+02
0.18716E+02
0.18662E+02
0.18612E+02
0.18566E+02
0.18526E+02
0.18494E+02
0.18470E+02
0.18451E+02
0.18434E+02
0.18421E+02
0.18413E+02
0.18406E+02
0.18401E+02
0.18397E+02
0.18391E+02
0.18383E+02
0.18373E+02
0.18361E+02
0.18347E+02
0.18330E+02
0.18309E+02
0.18282E+02
0.18249E+02
0.18214E+02
0.18178E+02
0.18139E+02
0.18096E+02
0.18048E+02
0.17996E+02
0.17939E+02
0.17878E+02
0.17812E+02
0.17738E+02
0.17657E+02
0.17573E+02
0.17487E+02
0.17398E+02
0.17308E+02
0.17217E+02
0.17127E+02
0.17040E+02
0.16957E+02
0.16882E+02
0.16815E+02
0.16756E+02
0.16707E+02
0.16667E+02
0.16639E+02
0.16621E+02
0.16615E+02
0.16622E+02
0.16640E+02
0.16667E+02
0.16701E+02
0.16742E+02
0.16789E+02
0.16841E+02
0.16898E+02
0.16955E+02
0.17010E+02
0.17061E+02
0.17104E+02
0.17138E+02
0.17158E+02
0.17164E+02
0.17154E+02
0.17126E+02
0.17081E+02
0.17019E+02
0.16944E+02
0.16856E+02
0.16757E+02
0.16651E+02
0.16539E+02
0.16424E+02
0.16312E+02
0.16204E+02
0.16104E+02
0.16012E+02
0.15931E+02
0.15864E+02
0.15813E+02
0.15779E+02
0.15763E+02
0.15771E+02
0.15806E+02
0.15871E+02
0.15963E+02
0.16084E+02
0.16238E+02
0.16424E+02
0.16640E+02
0.16886E+02
0.17159E+02
0.17458E+02
0.17777E+02
0.18111E+02
0.18453E+02
0.18800E+02
0.19143E+02
0.19477E+02
0.19797E+02
0.20098E+02
0.20378E+02
0.20631E+02
0.20854E+02
0.21043E+02
0.21196E+02
0.21312E+02
0.21389E+02
0.21428E+02
0.21430E+02
0.21398E+02
0.21331E+02
0.21236E+02
0.21114E+02
0.20966E+02
0.20799E+02
0.20619E+02
0.20430E+02
0.20239E+02
0.20050E+02
0.19871E+02
0.19712E+02
0.19575E+02
0.19466E+02
0.19388E+02
0.19345E+02
0.19341E+02
0.19377E+02
0.19455E+02
0.19572E+02
0.19726E+02
0.19911E+02
0.20121E+02
0.20347E+02
0.20584E+02
0.20825E+02
0.21060E+02
0.21284E+02
0.21490E+02
0.21670E+02
0.21821E+02
0.21938E+02
0.22021E+02
0.22067E+02
0.22074E+02
0.22045E+02
0.21980E+02
0.21883E+02
0.21756E+02
0.21602E+02
0.21423E+02
0.21223E+02
0.21002E+02
0.20766E+02
0.20518E+02
0.20261E+02
0.20002E+02
0.19743E+02
0.19490E+02
0.19246E+02
0.19019E+02
0.18811E+02
0.18626E+02
0.18468E+02
0.18339E+02
0.18244E+02
0.18184E+02
0.18159E+02
0.18171E+02
0.18218E+02
0.18295E+02
0.18396E+02
0.18520E+02
0.18664E+02
0.18821E+02
0.18989E+02
0.19161E+02
0.19334E+02
0.19503E+02
0.19666E+02
0.19820E+02
0.19964E+02
0.20097E+02
0.20218E+02
0.20324E+02
0.20414E+02
0.20487E+02
0.20548E+02
0.20593E+02
0.20624E+02
0.20642E+02
0.20646E+02
0.20634E+02
0.20607E+02
0.20569E+02
0.20517E+02
0.20453E+02
0.20378E+02
0.20290E+02
0.20190E+02
0.20080E+02
0.19959E+02
0.19828E+02
0.19688E+02
0.19541E+02
0.19388E+02
0.19233E+02
0.19075E+02
0.18916E+02
0.18757E+02
0.18601E+02
0.18452E+02
0.18313E+02
0.18185E+02
0.18071E+02
0.17975E+02
