-.39107269E+03
-.39136056E+03
-.39165298E+03
-.39194472E+03
-.39223313E+03
-.39251224E+03
-.39277792E+03
-.39302726E+03
-.39325853E+03
-.39347305E+03
-.39366869E+03
-.39384588E+03
-.39400386E+03
-.39414342E+03
-.39426494E+03
-.39436891E+03
-.39445495E+03
-.39452497E+03
-.39458054E+03
-.39462028E+03
-.39464127E+03
-.39464765E+03
-.39463675E+03
-.39460748E+03
-.39456229E+03
-.39450082E+03
-.39442680E+03
-.39433986E+03
-.39423828E+03
-.39412511E+03
-.39400161E+03
-.39387098E+03
-.39373538E+03
-.39359949E+03
-.39346464E+03
-.39333481E+03
-.39320965E+03
-.39309345E+03
-.39298942E+03
-.39289947E+03
-.39282380E+03
-.39276519E+03
-.39272348E+03
-.39270000E+03
-.39269364E+03
-.39270348E+03
-.39272812E+03
-.39276661E+03
-.39281685E+03
-.39287582E+03
-.39294210E+03
-.39301312E+03
-.39308462E+03
-.39315486E+03
-.39322382E+03
-.39328815E+03
-.39334597E+03
-.39340002E+03
-.39344873E+03
-.39349031E+03
-.39352683E+03
-.39355856E+03
-.39358434E+03
-.39360253E+03
-.39361490E+03
-.39362425E+03
-.39362879E+03
-.39363023E+03
-.39362912E+03
-.39362548E+03
-.39361662E+03
-.39360120E+03
-.39358025E+03
-.39355082E+03
-.39351447E+03
-.39347044E+03
-.39341489E+03
-.39334974E+03
-.39327438E+03
-.39318542E+03
-.39308312E+03
-.39296619E+03
-.39283568E+03
-.39269334E+03
-.39253920E+03
-.39237543E+03
-.39220236E+03
-.39202105E+03
-.39183539E+03
-.39164813E+03
-.39145892E+03
-.39127275E+03
-.39109228E+03
-.39091990E+03
-.39075824E+03
-.39060977E+03
-.39047894E+03
-.39036836E+03
-.39027848E+03
-.39021302E+03
-.39017613E+03
-.39016881E+03
-.39019189E+03
-.39024617E+03
-.39033262E+03
-.39045088E+03
-.39059850E+03
-.39077409E+03
-.39097314E+03
-.39119140E+03
-.39142541E+03
-.39166914E+03
-.39191486E+03
-.39215781E+03
-.39239064E+03
-.39261020E+03
-.39281202E+03
-.39299390E+03
-.39315323E+03
-.39328842E+03
-.39340331E+03
-.39349661E+03
-.39357094E+03
-.39362831E+03
-.39367436E+03
-.39371521E+03
-.39375352E+03
-.39379534E+03
-.39384071E+03
-.39389172E+03
-.39395223E+03
-.39402126E+03
-.39409503E+03
-.39416993E+03
-.39424624E+03
-.39432227E+03
-.39439697E+03
-.39446707E+03
-.39453102E+03
-.39458731E+03
-.39463684E+03
-.39468104E+03
-.39472000E+03
-.39475363E+03
-.39478449E+03
-.39481312E+03
-.39484033E+03
-.39486963E+03
-.39490155E+03
-.39493469E+03
-.39497021E+03
-.39500762E+03
-.39504776E+03
-.39509002E+03
-.39513378E+03
-.39517975E+03
-.39522782E+03
-.39527871E+03
-.39533162E+03
-.39538575E+03
-.39544027E+03
-.39549249E+03
-.39554287E+03
-.39559179E+03
-.39563819E+03
-.39568196E+03
-.39572213E+03
-.39575779E+03
-.39578889E+03
-.39581299E+03
-.39582977E+03
-.39583931E+03
-.39584220E+03
-.39583582E+03
-.39582031E+03
-.39579593E+03
-.39576244E+03
-.39571967E+03
-.39566951E+03
-.39561203E+03
-.39554665E+03
-.39547400E+03
-.39539458E+03
-.39530755E+03
-.39521501E+03
-.39511750E+03
-.39501504E+03
-.39490509E+03
-.39478778E+03
-.39466679E+03
-.39453907E+03
-.39440642E+03
-.39426753E+03
-.39412404E+03
-.39397456E+03
-.39381991E+03
-.39366384E+03
-.39350460E+03
-.39334265E+03
-.39318602E+03
-.39303436E+03
-.39288927E+03
-.39275635E+03
-.39263977E+03
-.39253740E+03
-.39244891E+03
-.39237800E+03
-.39232842E+03
-.39229812E+03
-.39228611E+03
-.39229339E+03
-.39232143E+03
-.39236435E+03
-.39242213E+03
-.39249408E+03
-.39257793E+03
-.39267337E+03
-.39277633E+03
-.39288612E+03
-.39300046E+03
-.39311844E+03
-.39324003E+03
-.39336096E+03
-.39347958E+03
-.39359629E+03
-.39370852E+03
-.39381656E+03
-.39391788E+03
-.39401350E+03
-.39410132E+03
-.39418247E+03
-.39425625E+03
-.39432125E+03
-.39437751E+03
-.39442316E+03
-.39445727E+03
-.39448279E+03
-.39450097E+03
-.39451347E+03
-.39451931E+03
-.39451904E+03
-.39451151E+03
-.39449850E+03
-.39448184E+03
-.39446201E+03
-.39443884E+03
-.39441153E+03
-.39437940E+03
-.39434348E+03
-.39430403E+03
-.39425703E+03
-.39420100E+03
-.39413762E+03
-.39406742E+03
-.39399146E+03
-.39390876E+03
-.39381909E+03
-.39372359E+03
-.39362073E+03
-.39351298E+03
-.39339944E+03
-.39327895E+03
-.39315239E+03
-.39302372E+03
-.39289457E+03
-.39276728E+03
-.39264663E+03
-.39253377E+03
-.39243135E+03
-.39234245E+03
-.39226892E+03
-.39221144E+03
-.39217426E+03
-.39215708E+03
-.39215957E+03
-.39218227E+03
-.39222188E+03
-.39227782E+03
-.39235431E+03
-.39244702E+03
-.39255560E+03
-.39267904E+03
-.39281940E+03
-.39297308E+03
-.39313932E+03
-.39331508E+03
-.39350133E+03
-.39369483E+03
-.39389241E+03
-.39409410E+03
-.39429648E+03
-.39449556E+03
-.39468578E+03
-.39486536E+03
-.39502883E+03
-.39517405E+03
-.39529865E+03
-.39540262E+03
-.39548619E+03
-.39554784E+03
-.39558591E+03
-.39560037E+03
-.39559206E+03
-.39555936E+03
-.39550496E+03
-.39543002E+03
-.39533737E+03
-.39522875E+03
-.39510457E+03
-.39496654E+03
-.39481948E+03
-.39466366E+03
-.39450202E+03
-.39433557E+03
-.39416864E+03
-.39400358E+03
-.39384139E+03
-.39368470E+03
-.39353261E+03
-.39338602E+03
-.39324789E+03
-.39311840E+03
-.39300047E+03
-.39289397E+03
-.39279715E+03
-.39271198E+03
-.39263873E+03
-.39258005E+03
-.39253327E+03
-.39249708E+03
-.39247262E+03
-.39245933E+03
-.39245780E+03
-.39246660E+03
-.39248401E+03
-.39250906E+03
-.39254354E+03
-.39258814E+03
-.39264054E+03
-.39270119E+03
-.39276798E+03
-.39283859E+03
-.39291298E+03
-.39298719E+03
-.39306165E+03
-.39313437E+03
-.39320023E+03
-.39325966E+03
-.39330984E+03
-.39335196E+03
-.39338154E+03
-.39339926E+03
-.39340374E+03
-.39339580E+03
-.39337237E+03
-.39333227E+03
-.39327543E+03
-.39320512E+03
-.39312036E+03
-.39302541E+03
-.39292071E+03
-.39280810E+03
-.39269128E+03
-.39257151E+03
-.39245107E+03
-.39233314E+03
-.39221873E+03
-.39211005E+03
-.39201057E+03
-.39191909E+03
-.39183557E+03
-.39176292E+03
-.39169984E+03
-.39164748E+03
-.39160509E+03
-.39156915E+03
-.39154039E+03
-.39151983E+03
-.39150654E+03
-.39149782E+03
-.39149168E+03
-.39148547E+03
-.39147823E+03
-.39147057E+03
-.39146186E+03
-.39145361E+03
-.39144484E+03
-.39143483E+03
-.39142394E+03
-.39141356E+03
-.39140388E+03
-.39139636E+03
-.39139129E+03
-.39138873E+03
-.39139000E+03
-.39139569E+03
-.39140521E+03
-.39141906E+03
-.39143641E+03
-.39145818E+03
-.39148309E+03
-.39151066E+03
-.39154097E+03
-.39157729E+03
-.39162004E+03
-.39166774E+03
-.39171779E+03
-.39177245E+03
-.39183036E+03
-.39189217E+03
-.39195542E+03
-.39201714E+03
-.39207545E+03
-.39212528E+03
-.39216311E+03
-.39218701E+03
-.39219571E+03
-.39218679E+03
-.39215679E+03
-.39210759E+03
-.39203917E+03
-.39195306E+03
-.39185201E+03
-.39174013E+03
-.39162253E+03
-.39150303E+03
-.39138820E+03
-.39128080E+03
-.39118789E+03
-.39111595E+03
-.39106858E+03
-.39105015E+03
-.39106305E+03
-.39110871E+03
-.39118759E+03
-.39130083E+03
-.39144586E+03
-.39162039E+03
-.39182462E+03
-.39205413E+03
-.39230310E+03
-.39256761E+03
-.39284256E+03
-.39312566E+03
-.39341167E+03
-.39369567E+03
-.39397116E+03
-.39423641E+03
-.39448830E+03
-.39472222E+03
-.39493708E+03
-.39512984E+03
-.39530134E+03
-.39545142E+03
-.39557839E+03
-.39567853E+03
-.39575417E+03
-.39580610E+03
-.39583374E+03
-.39584066E+03
-.39583009E+03
-.39580408E+03
-.39576166E+03
-.39570398E+03
-.39563392E+03
-.39555203E+03
-.39545947E+03
-.39535753E+03
-.39524796E+03
-.39513283E+03
-.39501148E+03
-.39488489E+03
-.39475694E+03
-.39462914E+03
-.39450455E+03
-.39438179E+03
-.39426425E+03
-.39415225E+03
-.39404964E+03
-.39395816E+03
-.39388039E+03
-.39381527E+03
-.39376419E+03
-.39372883E+03
-.39370827E+03
-.39370106E+03
-.39370803E+03
-.39372782E+03
-.39375937E+03
-.39380212E+03
-.39385234E+03
-.39390539E+03
-.39395871E+03
-.39401278E+03
-.39406606E+03
-.39411862E+03
-.39417077E+03
-.39422294E+03
-.39427565E+03
-.39432826E+03
-.39438232E+03
-.39443781E+03
-.39449585E+03
-.39455678E+03
-.39462242E+03
-.39469041E+03
-.39475867E+03
-.39482646E+03
-.39489106E+03
-.39495183E+03
-.39500316E+03
-.39504213E+03
-.39506856E+03
-.39507928E+03
-.39507008E+03
-.39504054E+03
-.39499029E+03
-.39491841E+03
-.39482611E+03
-.39471314E+03
-.39458238E+03
-.39443800E+03
-.39427960E+03
-.39411261E+03
-.39393961E+03
-.39376380E+03
-.39359076E+03
-.39342450E+03
-.39326839E+03
-.39312307E+03
-.39299267E+03
-.39287948E+03
-.39278744E+03
-.39271963E+03
-.39267536E+03
-.39265568E+03
-.39265976E+03
-.39268762E+03
-.39273455E+03
-.39279599E+03
-.39287090E+03
-.39295721E+03
-.39305010E+03
-.39314200E+03
-.39322883E+03
-.39330391E+03
-.39336495E+03
-.39340565E+03
-.39342244E+03
-.39341291E+03
-.39337091E+03
-.39329467E+03
-.39318394E+03
-.39303819E+03
-.39285654E+03
-.39264182E+03
-.39239542E+03
-.39211892E+03
-.39181353E+03
-.39148308E+03
-.39113420E+03
-.39076763E+03
-.39038637E+03
-.38999666E+03
-.38960261E+03
-.38920788E+03
-.38881782E+03
-.38843996E+03
-.38807520E+03
-.38773040E+03
-.38741070E+03
-.38712269E+03
-.38687020E+03
-.38665563E+03
-.38648441E+03
-.38635880E+03
-.38628230E+03
-.38625715E+03
-.38628538E+03
-.38636316E+03
-.38649096E+03
-.38666643E+03
-.38688501E+03
-.38714192E+03
-.38742870E+03
-.38773478E+03
-.38805302E+03
-.38837467E+03
-.38868940E+03
-.38899064E+03
-.38927194E+03
-.38952522E+03
-.38974447E+03
-.38992399E+03
-.39005940E+03
-.39015094E+03
-.39019650E+03
-.39019779E+03
-.39015683E+03
-.39007769E+03
-.38996481E+03
-.38982380E+03
-.38965932E+03
-.38947996E+03
-.38929415E+03
-.38910892E+03
-.38893233E+03
-.38877246E+03
-.38863774E+03
-.38853153E+03
-.38845935E+03
-.38842162E+03
-.38841949E+03
-.38845216E+03
-.38851809E+03
-.38861577E+03
-.38874023E+03
-.38888998E+03
-.38906150E+03
-.38925405E+03
-.38946340E+03
-.38968624E+03
-.38991982E+03
-.39016243E+03
-.39041077E+03
-.39066550E+03
-.39092345E+03
-.39118381E+03
-.39144208E+03
-.39169637E+03
-.39194335E+03
-.39217982E+03
-.39240522E+03
-.39261614E+03
-.39280816E+03
-.39298105E+03
-.39313226E+03
-.39325951E+03
-.39336202E+03
-.39343888E+03
-.39349349E+03
-.39352523E+03
-.39353615E+03
-.39353013E+03
-.39351071E+03
-.39348104E+03
-.39343982E+03
-.39339251E+03
-.39334418E+03
-.39329601E+03
-.39325008E+03
-.39320822E+03
-.39317149E+03
-.39313945E+03
-.39311363E+03
-.39309605E+03
-.39308055E+03
-.39307016E+03
-.39306166E+03
-.39305865E+03
-.39306099E+03
-.39306817E+03
-.39308006E+03
-.39309389E+03
-.39311146E+03
-.39313374E+03
-.39315845E+03
-.39318637E+03
-.39321662E+03
-.39324707E+03
-.39327850E+03
-.39330759E+03
-.39333774E+03
-.39336842E+03
-.39339825E+03
-.39342783E+03
-.39345674E+03
-.39348772E+03
-.39352277E+03
-.39356483E+03
-.39361403E+03
-.39367026E+03
-.39373513E+03
-.39380963E+03
-.39389234E+03
-.39398060E+03
-.39407204E+03
-.39416478E+03
-.39425299E+03
-.39433631E+03
-.39441243E+03
-.39447851E+03
-.39453254E+03
-.39457145E+03
-.39459435E+03
-.39460100E+03
-.39459152E+03
-.39456807E+03
-.39453098E+03
-.39448485E+03
-.39442914E+03
-.39436949E+03
-.39430622E+03
-.39424269E+03
-.39418326E+03
-.39412931E+03
-.39408473E+03
-.39404675E+03
-.39401641E+03
-.39399613E+03
-.39398500E+03
-.39398061E+03
-.39398507E+03
-.39399601E+03
-.39400989E+03
-.39402973E+03
-.39405287E+03
-.39407530E+03
-.39409580E+03
-.39411433E+03
-.39412709E+03
-.39413519E+03
-.39413750E+03
-.39413179E+03
-.39411687E+03
-.39409507E+03
-.39406539E+03
-.39402734E+03
-.39398370E+03
-.39393487E+03
-.39388251E+03
-.39382818E+03
-.39377296E+03
-.39371694E+03
-.39366438E+03
-.39361650E+03
-.39357533E+03
-.39354031E+03
-.39351332E+03
-.39349340E+03
-.39347808E+03
-.39346805E+03
-.39346113E+03
-.39345473E+03
-.39344986E+03
-.39344532E+03
-.39343609E+03
-.39342069E+03
-.39339606E+03
-.39335907E+03
-.39330995E+03
-.39324788E+03
-.39317178E+03
-.39308116E+03
-.39297668E+03
-.39285939E+03
-.39273116E+03
-.39259634E+03
-.39245793E+03
-.39232065E+03
-.39218869E+03
-.39206736E+03
-.39196261E+03
-.39188105E+03
-.39182594E+03
-.39180192E+03
-.39181135E+03
-.39185342E+03
-.39192892E+03
-.39203718E+03
-.39217454E+03
-.39233727E+03
-.39251999E+03
-.39271790E+03
-.39292376E+03
-.39313156E+03
-.39333351E+03
-.39352107E+03
-.39369445E+03
-.39384837E+03
-.39397948E+03
-.39408497E+03
-.39416232E+03
-.39421178E+03
-.39423287E+03
-.39422667E+03
-.39419755E+03
-.39414721E+03
-.39407802E+03
-.39399350E+03
-.39389690E+03
-.39379093E+03
-.39367911E+03
-.39356512E+03
-.39345106E+03
-.39333932E+03
-.39323273E+03
-.39313248E+03
-.39303863E+03
-.39295280E+03
-.39287527E+03
-.39280515E+03
-.39274277E+03
-.39268812E+03
-.39263967E+03
-.39259674E+03
-.39255672E+03
-.39252003E+03
-.39248684E+03
-.39245747E+03
-.39243057E+03
-.39240480E+03
-.39238031E+03
-.39235652E+03
-.39233388E+03
-.39230988E+03
-.39228534E+03
-.39226007E+03
-.39223381E+03
-.39220385E+03
-.39217279E+03
-.39213918E+03
-.39210304E+03
-.39206547E+03
-.39202643E+03
-.39198300E+03
-.39193412E+03
-.39188098E+03
-.39182446E+03
-.39176427E+03
-.39169936E+03
-.39162768E+03
-.39154910E+03
-.39146155E+03
-.39136686E+03
-.39126360E+03
-.39114899E+03
-.39102277E+03
-.39088499E+03
-.39073598E+03
-.39057460E+03
-.39039784E+03
-.39020354E+03
-.38999534E+03
-.38977511E+03
-.38954529E+03
-.38930997E+03
-.38907261E+03
-.38883787E+03
-.38860955E+03
-.38839268E+03
-.38819508E+03
-.38802183E+03
-.38787895E+03
-.38777205E+03
-.38770411E+03
-.38767897E+03
-.38769729E+03
-.38776042E+03
-.38787055E+03
-.38802373E+03
-.38821640E+03
-.38844636E+03
-.38871050E+03
-.38900537E+03
-.38932623E+03
-.38966944E+03
-.39002534E+03
-.39039049E+03
-.39075925E+03
-.39112767E+03
-.39148784E+03
-.39183626E+03
-.39216915E+03
-.39248115E+03
-.39276746E+03
-.39302730E+03
-.39325491E+03
-.39344702E+03
-.39360018E+03
-.39371538E+03
-.39379221E+03
-.39382991E+03
-.39382720E+03
-.39378502E+03
-.39370627E+03
-.39359234E+03
-.39344740E+03
-.39327137E+03
-.39307047E+03
-.39284884E+03
-.39261320E+03
-.39237014E+03
-.39212340E+03
-.39187681E+03
-.39163780E+03
-.39141357E+03
-.39120786E+03
-.39102565E+03
-.39087304E+03
-.39075291E+03
-.39066899E+03
-.39062309E+03
-.39061723E+03
-.39065276E+03
-.39072788E+03
-.39084157E+03
-.39099180E+03
-.39117264E+03
-.39137668E+03
-.39160037E+03
-.39183894E+03
-.39208296E+03
-.39232245E+03
-.39255144E+03
-.39276032E+03
-.39294386E+03
-.39309774E+03
-.39321465E+03
-.39329350E+03
-.39333076E+03
-.39332265E+03
-.39326951E+03
-.39317099E+03
-.39303017E+03
-.39285155E+03
-.39263903E+03
-.39239693E+03
-.39213048E+03
-.39184498E+03
-.39154538E+03
-.39123911E+03
-.39093266E+03
-.39063188E+03
-.39034482E+03
-.39007523E+03
-.38982664E+03
-.38960161E+03
-.38940190E+03
-.38922854E+03
-.38908393E+03
-.38896833E+03
-.38888309E+03
-.38882528E+03
-.38879356E+03
-.38878892E+03
-.38881066E+03
-.38885767E+03
-.38893252E+03
-.38903182E+03
-.38915440E+03
-.38930094E+03
-.38946974E+03
-.38965994E+03
-.38986966E+03
-.39009612E+03
-.39033897E+03
-.39059710E+03
-.39086697E+03
-.39114324E+03
-.39142250E+03
-.39170182E+03
-.39197727E+03
-.39224517E+03
-.39250206E+03
-.39274530E+03
-.39297279E+03
-.39318194E+03
-.39336890E+03
-.39353413E+03
-.39367648E+03
-.39379406E+03
-.39388831E+03
-.39396198E+03
-.39401540E+03
-.39404968E+03
-.39406694E+03
-.39407163E+03
-.39406730E+03
-.39405842E+03
-.39404572E+03
-.39403109E+03
-.39401607E+03
-.39399998E+03
-.39398385E+03
-.39396885E+03
-.39395652E+03
-.39394657E+03
-.39393953E+03
-.39393342E+03
-.39392643E+03
-.39391639E+03
-.39390146E+03
-.39388021E+03
-.39385405E+03
-.39382270E+03
-.39378707E+03
-.39374678E+03
-.39370101E+03
-.39364990E+03
-.39359460E+03
-.39353642E+03
-.39348008E+03
-.39342589E+03
-.39337380E+03
-.39332297E+03
-.39327661E+03
-.39323765E+03
-.39320383E+03
-.39317508E+03
-.39315386E+03
-.39313750E+03
-.39312293E+03
-.39310840E+03
-.39309068E+03
-.39306836E+03
-.39304002E+03
-.39300385E+03
-.39296202E+03
-.39291572E+03
-.39286357E+03
-.39280682E+03
-.39274753E+03
-.39268355E+03
-.39261842E+03
-.39255440E+03
-.39248984E+03
-.39242301E+03
-.39235276E+03
-.39227666E+03
-.39219043E+03
-.39209029E+03
-.39197244E+03
-.39183414E+03
-.39167483E+03
-.39149575E+03
-.39129902E+03
-.39108662E+03
-.39086453E+03
-.39063913E+03
-.39041626E+03
-.39020280E+03
-.39000648E+03
-.38983493E+03
-.38969277E+03
-.38958376E+03
-.38951190E+03
-.38947925E+03
-.38948307E+03
-.38952254E+03
-.38959879E+03
-.38970719E+03
-.38984437E+03
-.39000483E+03
-.39018388E+03
-.39037794E+03
-.39058149E+03
-.39079160E+03
-.39100372E+03
-.39121637E+03
-.39142548E+03
-.39162676E+03
-.39181640E+03
-.39199498E+03
-.39215905E+03
-.39230755E+03
-.39244024E+03
-.39256069E+03
-.39267115E+03
-.39277309E+03
-.39286858E+03
-.39295762E+03
-.39303994E+03
-.39312133E+03
-.39320556E+03
-.39329589E+03
-.39339259E+03
-.39349827E+03
-.39361370E+03
-.39373711E+03
-.39386895E+03
-.39400741E+03
-.39415129E+03
-.39429877E+03
-.39444991E+03
-.39459956E+03
-.39474501E+03
-.39488163E+03
-.39500668E+03
-.39512011E+03
-.39521690E+03
-.39529498E+03
-.39535343E+03
-.39539212E+03
-.39540942E+03
-.39540683E+03
-.39538294E+03
-.39533752E+03
-.39527594E+03
-.39519883E+03
-.39510766E+03
-.39500535E+03
-.39489642E+03
-.39478504E+03
-.39467336E+03
-.39456544E+03
-.39446251E+03
-.39436925E+03
-.39428802E+03
-.39422127E+03
-.39416903E+03
-.39413223E+03
-.39411131E+03
-.39410845E+03
-.39412185E+03
-.39415132E+03
-.39419714E+03
-.39425559E+03
-.39432385E+03
-.39440289E+03
-.39448992E+03
-.39458094E+03
-.39467348E+03
-.39476520E+03
-.39485306E+03
-.39493412E+03
-.39500209E+03
-.39505530E+03
-.39509025E+03
-.39510402E+03
-.39509446E+03
-.39505814E+03
-.39499340E+03
-.39489603E+03
-.39476887E+03
-.39461319E+03
-.39443214E+03
-.39422787E+03
-.39400444E+03
-.39376936E+03
-.39352524E+03
-.39327784E+03
-.39303163E+03
-.39279053E+03
-.39256023E+03
-.39234711E+03
-.39215669E+03
-.39199214E+03
-.39185652E+03
-.39175293E+03
-.39168376E+03
-.39165085E+03
-.39165282E+03
-.39169315E+03
-.39177176E+03
-.39188653E+03
-.39203504E+03
-.39221181E+03
-.39241524E+03
-.39264200E+03
-.39288930E+03
-.39315095E+03
-.39342224E+03
-.39369697E+03
-.39397096E+03
-.39423751E+03
-.39449244E+03
-.39473224E+03
-.39495263E+03
-.39515281E+03
-.39532871E+03
-.39547835E+03
-.39559791E+03
-.39568844E+03
-.39575293E+03
-.39579048E+03
-.39579582E+03
-.39577483E+03
-.39572839E+03
-.39565879E+03
-.39556543E+03
-.39545336E+03
-.39532236E+03
-.39517591E+03
-.39501779E+03
-.39484867E+03
-.39467098E+03
-.39448898E+03
-.39430649E+03
-.39412421E+03
-.39394586E+03
-.39377220E+03
-.39360504E+03
-.39344597E+03
-.39329469E+03
-.39315361E+03
-.39302262E+03
-.39290148E+03
-.39279114E+03
-.39269123E+03
-.39259960E+03
-.39251433E+03
-.39243453E+03
-.39235956E+03
-.39228713E+03
-.39221695E+03
-.39214490E+03
-.39207129E+03
-.39199620E+03
-.39191642E+03
-.39183375E+03
-.39174599E+03
-.39165323E+03
-.39155594E+03
-.39145306E+03
-.39134351E+03
-.39122857E+03
-.39111004E+03
-.39098559E+03
-.39085713E+03
-.39072489E+03
-.39058952E+03
-.39045216E+03
-.39031700E+03
-.39018475E+03
-.39005737E+03
-.38994012E+03
-.38983818E+03
-.38975452E+03
-.38969154E+03
-.38965304E+03
-.38963948E+03
-.38965233E+03
-.38969086E+03
-.38975340E+03
-.38983667E+03
-.38993756E+03
-.39004919E+03
-.39016582E+03
-.39028592E+03
-.39040086E+03
-.39050518E+03
-.39059333E+03
-.39066196E+03
-.39070836E+03
-.39073146E+03
-.39073065E+03
-.39070797E+03
-.39066393E+03
-.39060018E+03
-.39052153E+03
-.39043058E+03
-.39033405E+03
-.39023767E+03
-.39014449E+03
-.39005942E+03
-.38998631E+03
-.38992925E+03
-.38989269E+03
-.38987783E+03
-.38988597E+03
-.38991660E+03
-.38996855E+03
-.39003920E+03
-.39012508E+03
-.39022383E+03
-.39033167E+03
-.39044204E+03
-.39055140E+03
-.39065835E+03
-.39076027E+03
-.39085322E+03
-.39093378E+03
-.39100267E+03
-.39105674E+03
-.39109572E+03
-.39111595E+03
-.39111913E+03
-.39110403E+03
-.39107454E+03
-.39103223E+03
-.39097517E+03
-.39090617E+03
-.39082614E+03
-.39073651E+03
-.39063567E+03
-.39052474E+03
-.39040422E+03
-.39027654E+03
-.39014348E+03
-.39000402E+03
-.38986187E+03
-.38971675E+03
-.38957221E+03
-.38943066E+03
-.38929325E+03
-.38916362E+03
-.38904190E+03
-.38893171E+03
-.38883697E+03
-.38875846E+03
-.38869798E+03
-.38865499E+03
-.38862857E+03
-.38861910E+03
-.38862686E+03
-.38865065E+03
-.38868790E+03
-.38873893E+03
-.38879901E+03
-.38886809E+03
-.38894646E+03
-.38903338E+03
-.38912650E+03
-.38922613E+03
-.38932924E+03
-.38943367E+03
-.38953907E+03
-.38964361E+03
-.38974902E+03
-.38985684E+03
-.38996571E+03
-.39007676E+03
-.39018909E+03
-.39030213E+03
-.39041827E+03
-.39053809E+03
-.39065922E+03
-.39077821E+03
-.39089724E+03
-.39101379E+03
-.39112644E+03
-.39123289E+03
-.39133173E+03
-.39142135E+03
-.39149958E+03
-.39156777E+03
-.39162563E+03
-.39167244E+03
-.39170460E+03
-.39172346E+03
-.39172845E+03
-.39171894E+03
-.39169609E+03
-.39166076E+03
-.39161434E+03
-.39155749E+03
-.39149176E+03
-.39141740E+03
-.39133394E+03
-.39124278E+03
-.39114398E+03
-.39103914E+03
-.39092968E+03
-.39081563E+03
-.39069769E+03
-.39057759E+03
-.39045690E+03
-.39033514E+03
-.39021429E+03
-.39009428E+03
-.38997696E+03
-.38986359E+03
-.38975252E+03
-.38964705E+03
-.38955016E+03
-.38946297E+03
-.38938333E+03
-.38931519E+03
-.38925853E+03
-.38921357E+03
-.38918240E+03
-.38916124E+03
-.38915101E+03
-.38915179E+03
-.38915961E+03
-.38917322E+03
-.38919211E+03
-.38921468E+03
-.38923774E+03
-.38926001E+03
-.38928106E+03
-.38929829E+03
-.38931256E+03
-.38932534E+03
-.38933830E+03
-.38935187E+03
-.38937048E+03
-.38939358E+03
-.38942552E+03
-.38946859E+03
-.38952499E+03
-.38959435E+03
-.38967719E+03
-.38977303E+03
-.38988329E+03
-.39000778E+03
-.39014730E+03
-.39030017E+03
-.39046411E+03
-.39063825E+03
-.39082005E+03
-.39100337E+03
-.39118904E+03
-.39137473E+03
-.39155907E+03
-.39174054E+03
-.39191908E+03
-.39209368E+03
-.39226347E+03
-.39242873E+03
-.39258941E+03
-.39274585E+03
-.39289816E+03
-.39304545E+03
-.39318863E+03
-.39332809E+03
-.39346642E+03
-.39360454E+03
-.39374069E+03
-.39387553E+03
-.39400802E+03
-.39413942E+03
-.39427137E+03
-.39440099E+03
-.39452736E+03
-.39465136E+03
-.39477036E+03
-.39488561E+03
-.39499497E+03
-.39509912E+03
-.39519736E+03
-.39528827E+03
-.39537262E+03
-.39544808E+03
-.39551428E+03
-.39556995E+03
-.39561287E+03
-.39564245E+03
-.39565848E+03
-.39565983E+03
-.39564668E+03
-.39561818E+03
-.39557383E+03
-.39551334E+03
-.39543661E+03
-.39534326E+03
-.39523537E+03
-.39511447E+03
-.39498273E+03
-.39484078E+03
-.39468825E+03
-.39453046E+03
-.39437096E+03
-.39421011E+03
-.39405321E+03
-.39390526E+03
-.39376862E+03
-.39364916E+03
-.39354996E+03
-.39347388E+03
-.39342261E+03
-.39339882E+03
-.39340373E+03
-.39343589E+03
-.39349137E+03
-.39356671E+03
-.39365889E+03
-.39376412E+03
-.39387398E+03
-.39398471E+03
-.39409177E+03
-.39418931E+03
-.39427086E+03
-.39433045E+03
-.39436491E+03
-.39437022E+03
-.39434364E+03
-.39428656E+03
-.39419921E+03
-.39408010E+03
-.39393083E+03
-.39375426E+03
-.39355881E+03
-.39334779E+03
-.39312421E+03
-.39289653E+03
-.39267041E+03
-.39245411E+03
-.39225227E+03
-.39207066E+03
-.39191417E+03
-.39179068E+03
-.39170005E+03
-.39164318E+03
-.39162252E+03
-.39163850E+03
-.39169264E+03
-.39177874E+03
-.39189154E+03
-.39202732E+03
-.39218252E+03
-.39235264E+03
-.39253341E+03
-.39271653E+03
-.39290357E+03
-.39308753E+03
-.39326306E+03
-.39342610E+03
-.39357343E+03
-.39370415E+03
-.39381357E+03
-.39389917E+03
-.39396030E+03
-.39399721E+03
-.39400832E+03
-.39399420E+03
-.39395784E+03
-.39390003E+03
-.39382232E+03
-.39372484E+03
-.39361010E+03
-.39348005E+03
-.39334019E+03
-.39319153E+03
-.39303753E+03
-.39287753E+03
-.39271452E+03
-.39254979E+03
-.39238543E+03
-.39222313E+03
-.39206262E+03
-.39190389E+03
-.39174701E+03
-.39159557E+03
-.39144737E+03
-.39130453E+03
-.39116692E+03
-.39103214E+03
-.39090308E+03
-.39077981E+03
-.39066400E+03
-.39055951E+03
-.39046802E+03
-.39039164E+03
-.39033345E+03
-.39029625E+03
-.39028130E+03
-.39029079E+03
-.39032148E+03
-.39037092E+03
-.39043890E+03
-.39051867E+03
-.39060848E+03
-.39070336E+03
-.39080019E+03
-.39089118E+03
-.39097316E+03
-.39104257E+03
-.39109835E+03
-.39113834E+03
-.39116083E+03
-.39116373E+03
-.39114919E+03
-.39111986E+03
-.39107777E+03
-.39102556E+03
-.39096692E+03
-.39090307E+03
-.39084156E+03
-.39078844E+03
-.39075045E+03
-.39072995E+03
-.39073076E+03
-.39075654E+03
-.39081023E+03
-.39089340E+03
-.39100276E+03
-.39113844E+03
-.39129986E+03
-.39147876E+03
-.39167513E+03
-.39188440E+03
-.39210035E+03
-.39231647E+03
-.39252678E+03
-.39272782E+03
-.39291595E+03
-.39308601E+03
-.39323440E+03
-.39335574E+03
-.39345088E+03
-.39351903E+03
-.39355816E+03
-.39357151E+03
-.39356125E+03
-.39352754E+03
-.39347176E+03
-.39339746E+03
-.39330641E+03
-.39320179E+03
-.39308516E+03
-.39296086E+03
-.39282911E+03
-.39269380E+03
-.39255701E+03
-.39242018E+03
-.39228534E+03
-.39215310E+03
-.39202763E+03
-.39190963E+03
-.39179911E+03
-.39169724E+03
-.39160339E+03
-.39151836E+03
-.39144331E+03
-.39137831E+03
-.39132288E+03
-.39127436E+03
-.39123219E+03
-.39119659E+03
-.39116621E+03
-.39113921E+03
-.39111467E+03
-.39109078E+03
-.39106560E+03
-.39103723E+03
-.39100244E+03
-.39096054E+03
-.39091273E+03
-.39085956E+03
-.39079718E+03
-.39072739E+03
-.39064704E+03
-.39055399E+03
-.39044376E+03
-.39031831E+03
-.39017730E+03
-.39001997E+03
-.38984573E+03
-.38965350E+03
-.38944426E+03
-.38921926E+03
-.38898118E+03
-.38873526E+03
-.38848781E+03
-.38824411E+03
-.38801119E+03
-.38779609E+03
-.38760559E+03
-.38744910E+03
-.38733367E+03
-.38726624E+03
-.38725236E+03
-.38729452E+03
-.38739689E+03
-.38755938E+03
-.38777931E+03
-.38805266E+03
-.38837847E+03
-.38874703E+03
-.38914735E+03
-.38957209E+03
-.39001331E+03
-.39046052E+03
-.39090401E+03
-.39133827E+03
-.39175513E+03
-.39214903E+03
-.39251553E+03
-.39285325E+03
-.39315944E+03
-.39343452E+03
-.39367762E+03
-.39388929E+03
-.39407166E+03
-.39422453E+03
-.39435090E+03
-.39445444E+03
-.39453308E+03
-.39459200E+03
-.39463388E+03
-.39466098E+03
-.39467754E+03
-.39468526E+03
-.39468591E+03
-.39468023E+03
-.39466885E+03
-.39465519E+03
-.39464026E+03
-.39462492E+03
-.39461212E+03
-.39460145E+03
-.39459320E+03
-.39458935E+03
-.39458938E+03
-.39459333E+03
-.39460011E+03
-.39460949E+03
-.39462067E+03
-.39463245E+03
-.39464298E+03
-.39465233E+03
-.39466007E+03
-.39466437E+03
-.39466401E+03
-.39465849E+03
-.39464532E+03
-.39462470E+03
-.39459824E+03
-.39456653E+03
-.39453312E+03
-.39449470E+03
-.39444994E+03
-.39439978E+03
-.39434707E+03
-.39429231E+03
-.39423299E+03
-.39416811E+03
-.39409851E+03
-.39402266E+03
-.39393979E+03
-.39384925E+03
-.39375071E+03
-.39364524E+03
-.39353365E+03
-.39341648E+03
-.39329650E+03
-.39317278E+03
-.39304649E+03
-.39291955E+03
-.39279149E+03
-.39266522E+03
-.39254126E+03
-.39242188E+03
-.39230569E+03
-.39219101E+03
-.39208115E+03
-.39197819E+03
-.39188041E+03
-.39178826E+03
-.39170110E+03
-.39161769E+03
-.39153956E+03
-.39146820E+03
-.39140370E+03
-.39134690E+03
-.39129747E+03
-.39126014E+03
-.39123445E+03
-.39122099E+03
-.39122139E+03
-.39123564E+03
-.39126625E+03
-.39131006E+03
-.39136720E+03
-.39143405E+03
-.39151235E+03
-.39159813E+03
-.39169218E+03
-.39178997E+03
-.39188906E+03
-.39198789E+03
-.39208624E+03
-.39218084E+03
-.39227187E+03
-.39235969E+03
-.39244415E+03
-.39252499E+03
-.39260123E+03
-.39267460E+03
-.39274707E+03
-.39281679E+03
-.39288377E+03
-.39294797E+03
-.39300861E+03
-.39306373E+03
-.39311414E+03
-.39315925E+03
-.39319839E+03
-.39323081E+03
-.39325472E+03
-.39327165E+03
-.39327970E+03
-.39327853E+03
-.39326719E+03
-.39324600E+03
-.39321405E+03
-.39316873E+03
-.39311083E+03
-.39303996E+03
-.39295452E+03
-.39285481E+03
-.39273998E+03
-.39260692E+03
-.39245769E+03
-.39229147E+03
-.39210582E+03
-.39190355E+03
-.39168794E+03
-.39146080E+03
-.39122534E+03
-.39098612E+03
-.39074671E+03
-.39051044E+03
-.39028074E+03
-.39006252E+03
-.38985754E+03
-.38966796E+03
-.38949732E+03
-.38934763E+03
-.38921897E+03
-.38911302E+03
-.38903244E+03
-.38897457E+03
-.38893673E+03
-.38891721E+03
-.38891299E+03
-.38891845E+03
-.38893172E+03
-.38894897E+03
-.38896472E+03
-.38897613E+03
-.38898078E+03
-.38897948E+03
-.38896932E+03
-.38895251E+03
-.38893095E+03
-.38890850E+03
-.38888941E+03
-.38887922E+03
-.38888322E+03
-.38890950E+03
-.38896073E+03
-.38904034E+03
-.38914704E+03
-.38927804E+03
-.38943016E+03
-.38959809E+03
-.38977742E+03
-.38996170E+03
-.39014625E+03
-.39032383E+03
-.39049224E+03
-.39064879E+03
-.39078932E+03
-.39091088E+03
-.39101751E+03
-.39110930E+03
-.39118743E+03
-.39125396E+03
-.39131138E+03
-.39136149E+03
-.39140757E+03
-.39145053E+03
-.39149803E+03
-.39155161E+03
-.39161320E+03
-.39168431E+03
-.39176650E+03
-.39185945E+03
-.39196396E+03
-.39208224E+03
-.39221606E+03
-.39236483E+03
-.39252689E+03
-.39270288E+03
-.39289140E+03
-.39309194E+03
-.39330259E+03
-.39352131E+03
-.39374788E+03
-.39398003E+03
-.39421462E+03
-.39444865E+03
-.39467984E+03
-.39490372E+03
-.39512005E+03
-.39532749E+03
-.39552206E+03
-.39570014E+03
-.39586385E+03
-.39601174E+03
-.39614211E+03
-.39625349E+03
-.39634528E+03
-.39641762E+03
-.39647000E+03
-.39650473E+03
-.39652239E+03
-.39652396E+03
-.39650926E+03
-.39647959E+03
-.39643571E+03
-.39637689E+03
-.39630114E+03
-.39621064E+03
-.39610523E+03
-.39598787E+03
-.39585812E+03
-.39571808E+03
-.39556761E+03
-.39540653E+03
-.39523464E+03
-.39505598E+03
-.39487047E+03
-.39468343E+03
-.39449627E+03
-.39431397E+03
-.39413574E+03
-.39396353E+03
-.39380369E+03
-.39365547E+03
-.39352160E+03
-.39340483E+03
-.39330444E+03
-.39322267E+03
-.39315858E+03
-.39311258E+03
-.39308252E+03
-.39306427E+03
-.39305701E+03
-.39305845E+03
-.39306513E+03
-.39307305E+03
-.39307858E+03
-.39307949E+03
-.39307508E+03
-.39306445E+03
-.39305056E+03
-.39303349E+03
-.39301436E+03
-.39299401E+03
-.39297618E+03
-.39296705E+03
-.39296326E+03
-.39296866E+03
-.39298876E+03
-.39302539E+03
-.39307719E+03
-.39314554E+03
-.39322980E+03
-.39332783E+03
-.39343798E+03
-.39355578E+03
-.39368014E+03
-.39380594E+03
-.39392895E+03
-.39404630E+03
-.39415236E+03
-.39424501E+03
-.39432164E+03
-.39437924E+03
-.39441688E+03
-.39443505E+03
-.39443352E+03
-.39441302E+03
-.39437692E+03
-.39432473E+03
-.39426306E+03
-.39419318E+03
-.39412078E+03
-.39405055E+03
-.39398171E+03
-.39392169E+03
-.39387523E+03
-.39384407E+03
-.39382983E+03
-.39383360E+03
-.39385975E+03
-.39390754E+03
-.39397802E+03
-.39406733E+03
-.39417293E+03
-.39429376E+03
-.39442623E+03
-.39456712E+03
-.39471246E+03
-.39486264E+03
-.39501065E+03
-.39515345E+03
-.39528727E+03
-.39541151E+03
-.39552467E+03
-.39562692E+03
-.39571446E+03
-.39578640E+03
-.39584316E+03
-.39588530E+03
-.39591330E+03
-.39592648E+03
-.39592539E+03
-.39591294E+03
-.39589124E+03
-.39586287E+03
-.39582540E+03
-.39578005E+03
-.39572529E+03
-.39566505E+03
-.39560018E+03
-.39552849E+03
-.39544865E+03
-.39536118E+03
-.39526753E+03
-.39516832E+03
-.39506269E+03
-.39495268E+03
-.39483688E+03
-.39471587E+03
-.39459039E+03
-.39446089E+03
-.39432794E+03
-.39419511E+03
-.39406418E+03
-.39393723E+03
-.39381415E+03
-.39369370E+03
-.39357942E+03
-.39347170E+03
-.39337146E+03
-.39327885E+03
-.39319258E+03
-.39311348E+03
-.39304204E+03
-.39297679E+03
-.39291595E+03
-.39286051E+03
-.39281280E+03
-.39277091E+03
-.39273329E+03
-.39269963E+03
-.39266726E+03
-.39263341E+03
-.39259585E+03
-.39255549E+03
-.39250839E+03
-.39245305E+03
-.39238900E+03
-.39231505E+03
-.39222996E+03
-.39213429E+03
-.39202407E+03
-.39189964E+03
-.39176435E+03
-.39161830E+03
-.39146171E+03
-.39129753E+03
-.39112901E+03
-.39095997E+03
-.39079093E+03
-.39062639E+03
-.39047055E+03
-.39032573E+03
-.39019628E+03
-.39008509E+03
-.38999270E+03
-.38992048E+03
-.38986979E+03
-.38984002E+03
-.38983321E+03
-.38985168E+03
-.38989467E+03
-.38995938E+03
-.39004555E+03
-.39015056E+03
-.39027091E+03
-.39040565E+03
-.39055556E+03
-.39071518E+03
-.39087945E+03
-.39104436E+03
-.39120850E+03
-.39136614E+03
-.39151538E+03
-.39164934E+03
-.39176535E+03
-.39186106E+03
-.39193242E+03
-.39197624E+03
-.39199138E+03
-.39197686E+03
-.39193002E+03
-.39185222E+03
-.39174791E+03
-.39161703E+03
-.39146597E+03
-.39129802E+03
-.39111695E+03
-.39092788E+03
-.39073714E+03
-.39055221E+03
-.39037496E+03
-.39021125E+03
-.39006579E+03
-.38994558E+03
-.38985243E+03
-.38978608E+03
-.38974899E+03
-.38974327E+03
-.38976772E+03
-.38982252E+03
-.38990503E+03
-.39001170E+03
-.39014004E+03
-.39028835E+03
-.39045255E+03
-.39063181E+03
-.39082366E+03
-.39102741E+03
-.39123956E+03
-.39145847E+03
-.39168481E+03
-.39191589E+03
-.39215071E+03
-.39238523E+03
-.39261808E+03
-.39284628E+03
-.39306924E+03
-.39328204E+03
-.39348579E+03
-.39368120E+03
-.39386673E+03
-.39404181E+03
-.39420739E+03
-.39436287E+03
-.39450506E+03
-.39463609E+03
-.39475685E+03
-.39486940E+03
-.39497347E+03
-.39506540E+03
-.39514604E+03
-.39521617E+03
-.39527665E+03
-.39532638E+03
-.39536653E+03
-.39539553E+03
-.39541677E+03
-.39542932E+03
-.39543365E+03
-.39543202E+03
-.39542401E+03
-.39541197E+03
-.39539522E+03
-.39537582E+03
-.39535578E+03
-.39533610E+03
-.39531712E+03
-.39530088E+03
-.39528748E+03
-.39527781E+03
-.39527117E+03
-.39526680E+03
-.39526476E+03
-.39526337E+03
-.39526518E+03
-.39526818E+03
-.39527286E+03
-.39528156E+03
-.39529310E+03
-.39530832E+03
-.39532888E+03
-.39535603E+03
-.39539082E+03
-.39543519E+03
-.39549114E+03
-.39555692E+03
-.39563281E+03
-.39571797E+03
-.39581318E+03
-.39591833E+03
-.39603009E+03
-.39614506E+03
-.39625640E+03
-.39636207E+03
-.39645350E+03
-.39652974E+03
-.39658377E+03
-.39661255E+03
-.39660969E+03
-.39657501E+03
-.39650436E+03
-.39639358E+03
-.39624073E+03
-.39604659E+03
-.39581312E+03
-.39554186E+03
-.39523561E+03
-.39489862E+03
-.39453306E+03
-.39414251E+03
-.39373535E+03
-.39331713E+03
-.39289536E+03
-.39247821E+03
-.39207298E+03
-.39168413E+03
-.39131906E+03
-.39098358E+03
-.39068041E+03
-.39041319E+03
-.39018495E+03
-.38999732E+03
-.38985041E+03
-.38974411E+03
-.38967875E+03
-.38965405E+03
-.38966711E+03
-.38971474E+03
-.38979378E+03
-.38990220E+03
-.39003647E+03
-.39019592E+03
-.39037625E+03
-.39057469E+03
-.39078600E+03
-.39100698E+03
-.39123600E+03
-.39146696E+03
-.39169630E+03
-.39191996E+03
-.39213341E+03
-.39233307E+03
-.39251556E+03
-.39268085E+03
-.39282419E+03
-.39294323E+03
-.39303567E+03
-.39310359E+03
-.39314923E+03
-.39317618E+03
-.39318510E+03
-.39317724E+03
-.39315703E+03
-.39312848E+03
-.39309604E+03
-.39306269E+03
-.39303167E+03
-.39300308E+03
-.39298349E+03
-.39297574E+03
-.39298094E+03
-.39299767E+03
-.39302176E+03
-.39305463E+03
-.39309786E+03
-.39314800E+03
-.39320510E+03
-.39327069E+03
-.39334528E+03
-.39342583E+03
-.39351385E+03
-.39360790E+03
-.39370771E+03
-.39381272E+03
-.39392376E+03
-.39403938E+03
-.39415855E+03
-.39428094E+03
-.39440693E+03
-.39453642E+03
-.39466607E+03
-.39479266E+03
-.39491577E+03
-.39503314E+03
-.39514285E+03
-.39524358E+03
-.39533334E+03
-.39541184E+03
-.39547673E+03
-.39552552E+03
-.39555797E+03
-.39557286E+03
-.39556856E+03
-.39554672E+03
-.39550581E+03
-.39544540E+03
-.39536496E+03
-.39526685E+03
-.39515154E+03
-.39502128E+03
-.39487902E+03
-.39472629E+03
-.39456412E+03
-.39439514E+03
-.39422245E+03
-.39404856E+03
-.39387538E+03
-.39370376E+03
-.39353754E+03
-.39338087E+03
-.39323501E+03
-.39309989E+03
-.39297703E+03
-.39286943E+03
-.39278107E+03
-.39271174E+03
-.39266112E+03
-.39262860E+03
-.39261293E+03
-.39261261E+03
-.39262413E+03
-.39264692E+03
-.39267713E+03
-.39271252E+03
-.39274660E+03
-.39277509E+03
-.39279477E+03
-.39280171E+03
-.39279500E+03
-.39277145E+03
-.39273164E+03
-.39267808E+03
-.39260915E+03
-.39252935E+03
-.39244295E+03
-.39235018E+03
-.39225884E+03
-.39217184E+03
-.39209605E+03
-.39203390E+03
-.39198926E+03
-.39196468E+03
-.39196313E+03
-.39198893E+03
-.39203845E+03
-.39211136E+03
-.39220709E+03
-.39232296E+03
-.39245641E+03
-.39260247E+03
-.39275783E+03
-.39292013E+03
-.39308811E+03
-.39326092E+03
-.39343479E+03
-.39360698E+03
-.39377541E+03
-.39393995E+03
-.39410041E+03
-.39425683E+03
-.39440865E+03
-.39455267E+03
-.39468915E+03
-.39481969E+03
-.39494236E+03
-.39505678E+03
-.39516085E+03
-.39525559E+03
-.39533960E+03
-.39541142E+03
-.39547121E+03
-.39551678E+03
-.39554837E+03
-.39556660E+03
-.39557251E+03
-.39556613E+03
-.39554486E+03
-.39551029E+03
-.39546285E+03
-.39540332E+03
-.39533306E+03
-.39525044E+03
-.39515744E+03
-.39505428E+03
-.39494373E+03
-.39482551E+03
-.39469947E+03
-.39456747E+03
-.39443026E+03
-.39428576E+03
-.39413663E+03
-.39398391E+03
-.39382685E+03
-.39366479E+03
-.39350068E+03
-.39333471E+03
-.39317056E+03
-.39300648E+03
-.39284069E+03
-.39267420E+03
-.39250846E+03
-.39234470E+03
-.39218397E+03
-.39203066E+03
-.39188484E+03
-.39174762E+03
-.39162108E+03
-.39150697E+03
-.39140342E+03
-.39130976E+03
-.39122736E+03
-.39115607E+03
-.39109547E+03
-.39104457E+03
-.39100122E+03
-.39096564E+03
-.39093541E+03
-.39090995E+03
-.39088873E+03
-.39087215E+03
-.39085861E+03
-.39084820E+03
-.39084040E+03
-.39083321E+03
-.39083306E+03
-.39083854E+03
-.39085186E+03
-.39087653E+03
-.39091336E+03
-.39096538E+03
-.39103098E+03
-.39110923E+03
-.39120125E+03
-.39130851E+03
-.39142941E+03
-.39155842E+03
-.39170116E+03
-.39185395E+03
-.39201155E+03
-.39217268E+03
-.39233938E+03
-.39250745E+03
-.39267408E+03
-.39283641E+03
-.39298910E+03
-.39312508E+03
-.39324264E+03
-.39333680E+03
-.39340666E+03
-.39344913E+03
-.39346521E+03
-.39345444E+03
-.39341648E+03
-.39335447E+03
-.39327206E+03
-.39317155E+03
-.39305578E+03
-.39292955E+03
-.39279740E+03
-.39266185E+03
-.39252645E+03
-.39239681E+03
-.39227727E+03
-.39217207E+03
-.39208647E+03
-.39202552E+03
-.39199170E+03
-.39198966E+03
-.39201821E+03
-.39208211E+03
-.39217980E+03
-.39230948E+03
-.39247093E+03
-.39266297E+03
-.39288123E+03
-.39312179E+03
-.39338092E+03
-.39365179E+03
-.39393072E+03
-.39421185E+03
-.39449008E+03
-.39475648E+03
-.39500434E+03
-.39522799E+03
-.39542528E+03
-.39559041E+03
-.39572039E+03
-.39581367E+03
-.39587008E+03
-.39588927E+03
-.39587240E+03
-.39582543E+03
-.39575182E+03
-.39565380E+03
-.39553886E+03
-.39540922E+03
-.39527141E+03
-.39512498E+03
-.39497757E+03
-.39483117E+03
-.39468696E+03
-.39454930E+03
-.39442364E+03
-.39430918E+03
-.39420476E+03
-.39410965E+03
-.39402450E+03
-.39395044E+03
-.39388587E+03
-.39383126E+03
-.39378889E+03
-.39375562E+03
-.39373202E+03
-.39372088E+03
-.39372154E+03
-.39373350E+03
-.39375583E+03
-.39378856E+03
-.39383525E+03
-.39389420E+03
-.39396360E+03
-.39404273E+03
-.39413136E+03
-.39422556E+03
-.39432464E+03
-.39442715E+03
-.39453110E+03
-.39463396E+03
-.39473254E+03
-.39482246E+03
-.39490166E+03
-.39496871E+03
-.39502012E+03
-.39505231E+03
-.39506262E+03
-.39504639E+03
-.39500266E+03
-.39493146E+03
-.39483177E+03
-.39470013E+03
-.39453408E+03
-.39433530E+03
-.39410687E+03
-.39385165E+03
-.39357258E+03
-.39327104E+03
-.39295093E+03
-.39261747E+03
-.39227750E+03
-.39193409E+03
-.39159279E+03
-.39125798E+03
-.39093565E+03
-.39062832E+03
-.39033867E+03
-.39007118E+03
-.38983017E+03
-.38961357E+03
-.38942190E+03
-.38925293E+03
-.38910685E+03
-.38898513E+03
-.38888336E+03
-.38879852E+03
-.38873260E+03
-.38868366E+03
-.38865084E+03
-.38863025E+03
-.38862409E+03
-.38863043E+03
-.38864806E+03
-.38867894E+03
-.38871972E+03
-.38876755E+03
-.38882512E+03
-.38889186E+03
-.38896607E+03
-.38904769E+03
-.38913545E+03
-.38922856E+03
-.38932826E+03
-.38943271E+03
-.38953922E+03
-.38964419E+03
-.38974439E+03
-.38984105E+03
-.38993017E+03
-.39001175E+03
-.39008226E+03
-.39014058E+03
-.39018621E+03
-.39022036E+03
-.39024101E+03
-.39024722E+03
-.39024301E+03
-.39022988E+03
-.39021143E+03
-.39018963E+03
-.39016576E+03
-.39014452E+03
-.39012788E+03
-.39011628E+03
-.39011051E+03
-.39011046E+03
-.39011489E+03
-.39012178E+03
-.39012979E+03
-.39014202E+03
-.39015271E+03
-.39016044E+03
-.39016339E+03
-.39016178E+03
-.39015851E+03
-.39015561E+03
-.39015341E+03
-.39015348E+03
-.39015850E+03
-.39017011E+03
-.39019112E+03
-.39022424E+03
-.39026977E+03
-.39033016E+03
-.39040418E+03
-.39049384E+03
-.39059825E+03
-.39071579E+03
-.39084687E+03
-.39098707E+03
-.39113740E+03
-.39129250E+03
-.39144761E+03
-.39160049E+03
-.39174853E+03
-.39188602E+03
-.39201077E+03
-.39211996E+03
-.39221157E+03
-.39228255E+03
-.39233381E+03
-.39236503E+03
-.39237421E+03
-.39236146E+03
-.39232916E+03
-.39227823E+03
-.39221270E+03
-.39213699E+03
-.39205177E+03
-.39196390E+03
-.39187865E+03
-.39180049E+03
-.39173260E+03
-.39167955E+03
-.39164561E+03
-.39163218E+03
-.39164195E+03
-.39167628E+03
-.39173268E+03
-.39181103E+03
-.39191199E+03
-.39203330E+03
-.39217022E+03
-.39232075E+03
-.39248025E+03
-.39264545E+03
-.39281290E+03
-.39298043E+03
-.39314031E+03
-.39329112E+03
-.39343115E+03
-.39355755E+03
-.39366808E+03
-.39375901E+03
-.39382754E+03
-.39387381E+03
-.39389643E+03
-.39389733E+03
-.39387755E+03
-.39383987E+03
-.39378441E+03
-.39371421E+03
-.39363373E+03
-.39354667E+03
-.39345659E+03
-.39336623E+03
-.39327777E+03
-.39319473E+03
-.39311980E+03
-.39305508E+03
-.39300354E+03
-.39296316E+03
-.39293724E+03
-.39292697E+03
-.39293390E+03
-.39295938E+03
-.39300153E+03
-.39305996E+03
-.39313310E+03
-.39322124E+03
-.39331997E+03
-.39343121E+03
-.39355357E+03
-.39368461E+03
-.39382382E+03
-.39396641E+03
-.39410891E+03
-.39424684E+03
-.39437518E+03
-.39448932E+03
-.39458606E+03
-.39466217E+03
-.39471388E+03
-.39474089E+03
-.39473976E+03
-.39471055E+03
-.39465596E+03
-.39457699E+03
-.39447484E+03
-.39435198E+03
-.39421060E+03
-.39405724E+03
-.39389434E+03
-.39372500E+03
-.39355179E+03
-.39337923E+03
-.39321026E+03
-.39304960E+03
-.39290074E+03
-.39276696E+03
-.39265123E+03
-.39255665E+03
-.39248597E+03
-.39243797E+03
-.39241729E+03
-.39242430E+03
-.39245812E+03
-.39252085E+03
-.39261084E+03
-.39272590E+03
-.39286618E+03
-.39302767E+03
-.39320654E+03
-.39339690E+03
-.39359148E+03
-.39378625E+03
-.39397630E+03
-.39415448E+03
-.39431685E+03
-.39445681E+03
-.39456674E+03
-.39464416E+03
-.39468830E+03
-.39469662E+03
-.39466884E+03
-.39460299E+03
-.39450178E+03
-.39436914E+03
-.39421306E+03
-.39403804E+03
-.39384899E+03
-.39365281E+03
-.39345711E+03
-.39326924E+03
-.39309536E+03
-.39293960E+03
-.39280473E+03
-.39269264E+03
-.39260467E+03
-.39253854E+03
-.39249245E+03
-.39246536E+03
-.39245194E+03
-.39244852E+03
-.39244768E+03
-.39244816E+03
-.39244647E+03
-.39243672E+03
-.39241537E+03
-.39238042E+03
-.39233162E+03
-.39226973E+03
-.39219501E+03
-.39210779E+03
-.39201215E+03
-.39191070E+03
-.39180529E+03
-.39169973E+03
-.39159525E+03
-.39149386E+03
-.39139938E+03
-.39131155E+03
-.39123293E+03
-.39116412E+03
-.39110702E+03
-.39106148E+03
-.39102661E+03
-.39100282E+03
-.39098845E+03
-.39098129E+03
-.39098141E+03
-.39098763E+03
-.39099868E+03
-.39101214E+03
-.39102547E+03
-.39103740E+03
-.39104791E+03
-.39105466E+03
-.39105585E+03
-.39104994E+03
-.39103436E+03
-.39100742E+03
-.39096863E+03
-.39091881E+03
-.39085944E+03
-.39078843E+03
-.39070871E+03
-.39062164E+03
-.39053117E+03
-.39044181E+03
-.39035583E+03
-.39027503E+03
-.39020278E+03
-.39013899E+03
-.39008233E+03
-.39003628E+03
-.39000339E+03
-.38998374E+03
-.38997656E+03
-.38997918E+03
-.38998988E+03
-.39000687E+03
-.39002940E+03
-.39005148E+03
-.39007269E+03
-.39009000E+03
-.39010012E+03
-.39010154E+03
-.39009146E+03
-.39006957E+03
-.39003475E+03
-.38998512E+03
-.38991894E+03
-.38983875E+03
-.38974687E+03
-.38964856E+03
-.38954390E+03
-.38943299E+03
-.38932141E+03
-.38921328E+03
-.38910906E+03
-.38900881E+03
-.38891307E+03
-.38882754E+03
-.38875533E+03
-.38869609E+03
-.38864928E+03
-.38861697E+03
-.38859868E+03
-.38859552E+03
-.38860714E+03
-.38863386E+03
-.38867536E+03
-.38873089E+03
-.38880198E+03
-.38889025E+03
-.38899399E+03
-.38911164E+03
-.38924393E+03
-.38938831E+03
-.38954352E+03
-.38970190E+03
-.38985936E+03
-.39001284E+03
-.39015756E+03
-.39029193E+03
-.39040750E+03
-.39049943E+03
-.39056559E+03
-.39060348E+03
-.39061077E+03
-.39058836E+03
-.39053694E+03
-.39046051E+03
-.39036260E+03
-.39024807E+03
-.39011973E+03
-.38998035E+03
-.38983278E+03
-.38968051E+03
-.38953143E+03
-.38938929E+03
-.38925758E+03
-.38913543E+03
-.38902782E+03
-.38893630E+03
-.38886182E+03
-.38880339E+03
-.38876229E+03
-.38873933E+03
-.38873247E+03
-.38874264E+03
-.38876847E+03
-.38881012E+03
-.38886525E+03
-.38893366E+03
-.38901305E+03
-.38910232E+03
-.38920096E+03
-.38930454E+03
-.38941181E+03
-.38952114E+03
-.38962898E+03
-.38973452E+03
-.38983520E+03
-.38992791E+03
-.39001066E+03
-.39008212E+03
-.39013969E+03
-.39018471E+03
-.39021721E+03
-.39023694E+03
-.39024384E+03
-.39023853E+03
-.39022047E+03
-.39019132E+03
-.39015155E+03
-.39010445E+03
-.39005435E+03
-.39000117E+03
-.38994813E+03
-.38989555E+03
-.38984741E+03
-.38980438E+03
-.38976614E+03
-.38973432E+03
-.38971014E+03
-.38969446E+03
-.38969149E+03
-.38969969E+03
-.38971835E+03
-.38974976E+03
-.38979386E+03
-.38984943E+03
-.38991890E+03
-.39000431E+03
-.39010554E+03
-.39021968E+03
-.39034451E+03
-.39047664E+03
-.39061360E+03
-.39075230E+03
-.39088608E+03
-.39101300E+03
-.39112674E+03
-.39122733E+03
-.39131118E+03
-.39137384E+03
-.39141455E+03
-.39143344E+03
-.39142803E+03
-.39140113E+03
-.39135324E+03
-.39128795E+03
-.39120946E+03
-.39112199E+03
-.39102940E+03
-.39093535E+03
-.39084403E+03
-.39076018E+03
-.39068942E+03
-.39063260E+03
-.39059443E+03
-.39057713E+03
-.39058260E+03
-.39061341E+03
-.39066881E+03
-.39074883E+03
-.39085243E+03
-.39097692E+03
-.39111963E+03
-.39127631E+03
-.39144303E+03
-.39161609E+03
-.39179065E+03
-.39196012E+03
-.39212100E+03
-.39227190E+03
-.39240741E+03
-.39252330E+03
-.39261691E+03
-.39268444E+03
-.39272391E+03
-.39273541E+03
-.39271908E+03
-.39268020E+03
-.39262083E+03
-.39254282E+03
-.39245015E+03
-.39234133E+03
-.39222100E+03
-.39209164E+03
-.39195528E+03
-.39181626E+03
-.39167742E+03
-.39154277E+03
-.39141673E+03
-.39129971E+03
-.39119404E+03
-.39110348E+03
-.39102583E+03
-.39096400E+03
-.39091883E+03
-.39088896E+03
-.39087454E+03
-.39087531E+03
-.39088908E+03
-.39091522E+03
-.39095167E+03
-.39099805E+03
-.39105321E+03
