0.19383E+02
0.19305E+02
0.19246E+02
0.19206E+02
0.19187E+02
0.19188E+02
0.19208E+02
0.19245E+02
0.19297E+02
0.19363E+02
0.19439E+02
0.19524E+02
0.19613E+02
0.19704E+02
0.19794E+02
0.19880E+02
0.19956E+02
0.20021E+02
0.20071E+02
0.20099E+02
0.20102E+02
0.20078E+02
0.20026E+02
0.19944E+02
0.19832E+02
0.19689E+02
0.19516E+02
0.19317E+02
0.19095E+02
0.18852E+02
0.18594E+02
0.18327E+02
0.18057E+02
0.17791E+02
0.17538E+02
0.17306E+02
0.17103E+02
0.16935E+02
0.16808E+02
0.16726E+02
0.16692E+02
0.16709E+02
0.16776E+02
0.16891E+02
0.17055E+02
0.17263E+02
0.17509E+02
0.17790E+02
0.18101E+02
0.18435E+02
0.18787E+02
0.19152E+02
0.19526E+02
0.19903E+02
0.20278E+02
0.20649E+02
0.21013E+02
0.21367E+02
0.21708E+02
0.22034E+02
0.22344E+02
0.22636E+02
0.22908E+02
0.23160E+02
0.23392E+02
0.23599E+02
0.23779E+02
0.23933E+02
0.24060E+02
0.24159E+02
0.24227E+02
0.24262E+02
0.24265E+02
0.24238E+02
0.24181E+02
0.24095E+02
0.23985E+02
0.23853E+02
0.23700E+02
0.23530E+02
0.23345E+02
0.23147E+02
0.22939E+02
0.22723E+02
0.22504E+02
0.22282E+02
0.22058E+02
0.21834E+02
0.21612E+02
0.21397E+02
0.21191E+02
0.20994E+02
0.20810E+02
0.20647E+02
0.20507E+02
0.20394E+02
0.20313E+02
0.20266E+02
0.20258E+02
0.20291E+02
0.20367E+02
0.20486E+02
0.20646E+02
0.20845E+02
0.21075E+02
0.21329E+02
0.21603E+02
0.21885E+02
0.22167E+02
0.22440E+02
0.22698E+02
0.22934E+02
0.23141E+02
0.23314E+02
0.23450E+02
0.23547E+02
0.23608E+02
0.23635E+02
0.23628E+02
0.23593E+02
0.23536E+02
0.23461E+02
0.23374E+02
0.23276E+02
0.23172E+02
0.23066E+02
0.22961E+02
0.22857E+02
0.22759E+02
0.22664E+02
0.22570E+02
0.22479E+02
0.22390E+02
0.22300E+02
0.22212E+02
0.22126E+02
0.22039E+02
0.21949E+02
0.21856E+02
0.21761E+02
0.21662E+02
0.21562E+02
0.21460E+02
0.21353E+02
0.21244E+02
0.21131E+02
0.21014E+02
0.20893E+02
0.20767E+02
0.20637E+02
0.20501E+02
0.20360E+02
0.20219E+02
0.20075E+02
0.19930E+02
0.19783E+02
0.19630E+02
0.19473E+02
0.19313E+02
0.19153E+02
0.18994E+02
0.18837E+02
0.18684E+02
0.18537E+02
0.18395E+02
0.18262E+02
0.18139E+02
0.18023E+02
0.17915E+02
0.17814E+02
0.17721E+02
0.17634E+02
0.17553E+02
0.17475E+02
0.17400E+02
0.17326E+02
0.17252E+02
0.17176E+02
0.17096E+02
0.17011E+02
0.16922E+02
0.16830E+02
0.16736E+02
0.16641E+02
0.16542E+02
0.16445E+02
0.16348E+02
0.16252E+02
0.16161E+02
0.16076E+02
0.15996E+02
0.15924E+02
0.15860E+02
0.15804E+02
0.15757E+02
0.15719E+02
0.15688E+02
0.15664E+02
0.15644E+02
0.15629E+02
0.15616E+02
0.15608E+02
0.15602E+02
0.15599E+02
0.15600E+02
0.15605E+02
0.15614E+02
0.15628E+02
0.15649E+02
0.15678E+02
0.15721E+02
0.15778E+02
0.15852E+02
0.15944E+02
0.16055E+02
0.16184E+02
0.16332E+02
0.16498E+02
0.16682E+02
0.16881E+02
0.17095E+02
0.17323E+02
0.17563E+02
0.17811E+02
0.18066E+02
0.18328E+02
0.18598E+02
0.18873E+02
0.19152E+02
0.19432E+02
0.19712E+02
0.19992E+02
0.20270E+02
0.20543E+02
0.20811E+02
0.21069E+02
0.21315E+02
0.21547E+02
0.21763E+02
0.21959E+02
0.22134E+02
0.22286E+02
0.22414E+02
0.22517E+02
0.22594E+02
0.22641E+02
0.22659E+02
0.22650E+02
0.22614E+02
0.22553E+02
0.22469E+02
0.22365E+02
0.22242E+02
0.22104E+02
0.21954E+02
0.21795E+02
0.21628E+02
0.21459E+02
0.21288E+02
0.21122E+02
0.20961E+02
0.20808E+02
0.20666E+02
0.20536E+02
0.20420E+02
0.20322E+02
0.20245E+02
0.20188E+02
0.20151E+02
0.20136E+02
0.20142E+02
0.20166E+02
0.20211E+02
0.20275E+02
0.20357E+02
0.20452E+02
0.20560E+02
0.20679E+02
0.20804E+02
0.20931E+02
0.21057E+02
0.21176E+02
0.21286E+02
0.21383E+02
0.21462E+02
0.21521E+02
0.21559E+02
0.21577E+02
0.21573E+02
0.21549E+02
0.21506E+02
0.21447E+02
0.21377E+02
0.21298E+02
0.21215E+02
0.21135E+02
0.21062E+02
0.21001E+02
0.20957E+02
0.20934E+02
0.20938E+02
0.20970E+02
0.21033E+02
0.21125E+02
0.21244E+02
0.21388E+02
0.21554E+02
0.21739E+02
0.21937E+02
0.22145E+02
0.22356E+02
0.22566E+02
0.22771E+02
0.22966E+02
0.23145E+02
0.23306E+02
0.23444E+02
0.23558E+02
0.23644E+02
0.23704E+02
0.23736E+02
0.23739E+02
0.23714E+02
0.23665E+02
0.23596E+02
0.23508E+02
0.23400E+02
0.23278E+02
0.23145E+02
0.23004E+02
0.22854E+02
0.22697E+02
0.22534E+02
0.22369E+02
0.22203E+02
0.22037E+02
0.21876E+02
0.21718E+02
0.21565E+02
0.21417E+02
0.21271E+02
0.21128E+02
0.20987E+02
0.20846E+02
0.20706E+02
0.20566E+02
0.20425E+02
0.20283E+02
0.20144E+02
0.20009E+02
0.19871E+02
0.19731E+02
0.19596E+02
0.19467E+02
0.19345E+02
0.19231E+02
0.19126E+02
0.19032E+02
0.18950E+02
0.18882E+02
0.18827E+02
0.18785E+02
0.18758E+02
0.18744E+02
0.18741E+02
0.18748E+02
0.18762E+02
0.18782E+02
0.18807E+02
0.18835E+02
0.18868E+02
0.18903E+02
0.18937E+02
0.18970E+02
0.19002E+02
0.19034E+02
0.19064E+02
0.19091E+02
0.19118E+02
0.19142E+02
0.19163E+02
0.19181E+02
0.19196E+02
0.19212E+02
0.19226E+02
0.19241E+02
0.19254E+02
0.19265E+02
0.19277E+02
0.19289E+02
0.19299E+02
0.19310E+02
0.19320E+02
0.19327E+02
0.19328E+02
0.19324E+02
0.19315E+02
0.19297E+02
0.19269E+02
0.19229E+02
0.19176E+02
0.19111E+02
0.19033E+02
0.18944E+02
0.18842E+02
0.18728E+02
0.18601E+02
0.18462E+02
0.18315E+02
0.18161E+02
0.18001E+02
0.17841E+02
0.17684E+02
0.17531E+02
0.17385E+02
0.17254E+02
0.17141E+02
0.17049E+02
0.16980E+02
0.16935E+02
0.16917E+02
0.16928E+02
0.16965E+02
0.17028E+02
0.17115E+02
0.17222E+02
0.17352E+02
0.17500E+02
0.17663E+02
0.17838E+02
0.18021E+02
0.18208E+02
0.18396E+02
0.18581E+02
0.18762E+02
0.18935E+02
0.19099E+02
0.19251E+02
0.19391E+02
0.19519E+02
0.19635E+02
0.19739E+02
0.19835E+02
0.19925E+02
0.20010E+02
0.20092E+02
0.20173E+02
0.20254E+02
0.20338E+02
0.20427E+02
0.20520E+02
0.20616E+02
0.20719E+02
0.20830E+02
0.20947E+02
0.21067E+02
0.21190E+02
0.21317E+02
0.21443E+02
0.21567E+02
0.21688E+02
0.21805E+02
0.21915E+02
0.22015E+02
0.22104E+02
0.22176E+02
0.22233E+02
0.22270E+02
0.22284E+02
0.22273E+02
0.22236E+02
0.22171E+02
0.22080E+02
0.21963E+02
0.21821E+02
0.21654E+02
0.21465E+02
0.21256E+02
0.21035E+02
0.20805E+02
0.20570E+02
0.20337E+02
0.20113E+02
0.19904E+02
0.19714E+02
0.19547E+02
0.19408E+02
0.19303E+02
0.19233E+02
0.19201E+02
0.19209E+02
0.19257E+02
0.19343E+02
0.19466E+02
0.19623E+02
0.19811E+02
0.20023E+02
0.20256E+02
0.20507E+02
0.20771E+02
0.21041E+02
0.21313E+02
0.21582E+02
0.21842E+02
0.22089E+02
0.22322E+02
0.22535E+02
0.22726E+02
0.22893E+02
0.23033E+02
0.23146E+02
0.23232E+02
0.23289E+02
0.23316E+02
0.23311E+02
0.23276E+02
0.23211E+02
0.23118E+02
0.22997E+02
0.22848E+02
0.22672E+02
0.22470E+02
0.22242E+02
0.21991E+02
0.21720E+02
0.21433E+02
0.21133E+02
0.20826E+02
0.20516E+02
0.20210E+02
0.19914E+02
0.19636E+02
0.19380E+02
0.19149E+02
0.18947E+02
0.18778E+02
0.18641E+02
0.18538E+02
0.18469E+02
0.18431E+02
0.18417E+02
0.18424E+02
0.18446E+02
0.18481E+02
0.18523E+02
0.18569E+02
0.18615E+02
0.18660E+02
0.18705E+02
0.18748E+02
0.18789E+02
0.18828E+02
0.18865E+02
0.18903E+02
0.18941E+02
0.18977E+02
0.19012E+02
0.19047E+02
0.19079E+02
0.19108E+02
0.19134E+02
0.19152E+02
0.19161E+02
0.19164E+02
0.19158E+02
0.19143E+02
0.19120E+02
0.19088E+02
0.19045E+02
0.18993E+02
0.18933E+02
0.18867E+02
0.18799E+02
0.18730E+02
0.18664E+02
0.18601E+02
0.18545E+02
0.18500E+02
0.18466E+02
0.18447E+02
0.18441E+02
0.18452E+02
0.18478E+02
0.18518E+02
0.18570E+02
0.18635E+02
0.18710E+02
0.18791E+02
0.18873E+02
0.18955E+02
0.19033E+02
0.19104E+02
0.19168E+02
0.19219E+02
0.19255E+02
0.19275E+02
0.19279E+02
0.19268E+02
0.19241E+02
0.19200E+02
0.19147E+02
0.19085E+02
0.19012E+02
0.18933E+02
0.18849E+02
0.18767E+02
0.18688E+02
0.18614E+02
0.18547E+02
0.18489E+02
0.18441E+02
0.18405E+02
0.18381E+02
0.18373E+02
0.18379E+02
0.18397E+02
0.18427E+02
0.18466E+02
0.18513E+02
0.18567E+02
0.18627E+02
0.18692E+02
0.18756E+02
0.18817E+02
0.18875E+02
0.18926E+02
0.18971E+02
0.19008E+02
0.19035E+02
0.19050E+02
0.19050E+02
0.19037E+02
0.19010E+02
0.18970E+02
0.18918E+02
0.18853E+02
0.18777E+02
0.18688E+02
0.18590E+02
0.18483E+02
0.18372E+02
0.18257E+02
0.18138E+02
0.18014E+02
0.17887E+02
0.17759E+02
0.17631E+02
0.17502E+02
0.17376E+02
0.17255E+02
0.17137E+02
0.17026E+02
0.16922E+02
0.16828E+02
0.16745E+02
0.16676E+02
0.16621E+02
0.16580E+02
0.16554E+02
0.16543E+02
0.16547E+02
0.16566E+02
0.16599E+02
0.16645E+02
0.16702E+02
0.16771E+02
0.16851E+02
0.16942E+02
0.17045E+02
0.17159E+02
0.17284E+02
0.17419E+02
0.17566E+02
0.17724E+02
0.17892E+02
0.18068E+02
0.18250E+02
0.18438E+02
0.18631E+02
0.18829E+02
0.19030E+02
0.19231E+02
0.19430E+02
0.19621E+02
0.19806E+02
0.19984E+02
0.20152E+02
0.20305E+02
0.20442E+02
0.20562E+02
0.20664E+02
0.20745E+02
0.20808E+02
0.20852E+02
0.20879E+02
0.20888E+02
0.20883E+02
0.20866E+02
0.20840E+02
0.20807E+02
0.20772E+02
0.20736E+02
0.20698E+02
0.20660E+02
0.20625E+02
0.20595E+02
0.20570E+02
0.20549E+02
0.20533E+02
0.20520E+02
0.20510E+02
0.20501E+02
0.20494E+02
0.20485E+02
0.20472E+02
0.20453E+02
0.20425E+02
0.20389E+02
0.20345E+02
0.20291E+02
0.20226E+02
0.20151E+02
0.20068E+02
0.19977E+02
0.19877E+02
0.19770E+02
0.19658E+02
0.19542E+02
0.19424E+02
0.19304E+02
0.19183E+02
0.19065E+02
0.18951E+02
0.18843E+02
0.18742E+02
0.18647E+02
0.18560E+02
0.18481E+02
0.18410E+02
0.18349E+02
0.18300E+02
0.18261E+02
0.18231E+02
0.18210E+02
0.18199E+02
0.18193E+02
0.18190E+02
0.18190E+02
0.18192E+02
0.18195E+02
0.18198E+02
0.18202E+02
0.18202E+02
0.18199E+02
0.18192E+02
0.18180E+02
0.18162E+02
0.18139E+02
0.18112E+02
0.18080E+02
0.18042E+02
0.18002E+02
0.17961E+02
0.17917E+02
0.17870E+02
0.17821E+02
0.17773E+02
0.17730E+02
0.17691E+02
0.17659E+02
0.17635E+02
0.17620E+02
0.17612E+02
0.17611E+02
0.17616E+02
0.17628E+02
0.17646E+02
0.17672E+02
0.17705E+02
0.17745E+02
0.17792E+02
0.17848E+02
0.17913E+02
0.17989E+02
0.18077E+02
0.18180E+02
0.18299E+02
0.18437E+02
0.18593E+02
0.18768E+02
0.18959E+02
0.19165E+02
0.19384E+02
0.19613E+02
0.19848E+02
0.20085E+02
0.20319E+02
0.20545E+02
0.20758E+02
0.20955E+02
0.21134E+02
0.21292E+02
0.21425E+02
0.21529E+02
0.21609E+02
0.21664E+02
0.21693E+02
0.21698E+02
0.21679E+02
0.21637E+02
0.21576E+02
0.21497E+02
0.21404E+02
0.21297E+02
0.21180E+02
0.21055E+02
0.20928E+02
0.20801E+02
0.20677E+02
0.20560E+02
0.20454E+02
0.20365E+02
0.20296E+02
0.20248E+02
0.20225E+02
0.20227E+02
0.20256E+02
0.20313E+02
0.20399E+02
0.20510E+02
0.20644E+02
0.20794E+02
0.20956E+02
0.21123E+02
0.21289E+02
0.21448E+02
0.21594E+02
0.21720E+02
0.21818E+02
0.21885E+02
0.21917E+02
0.21911E+02
0.21867E+02
0.21786E+02
0.21670E+02
0.21521E+02
0.21346E+02
0.21150E+02
0.20937E+02
0.20712E+02
0.20485E+02
0.20260E+02
0.20043E+02
0.19840E+02
0.19657E+02
0.19498E+02
0.19365E+02
0.19260E+02
0.19185E+02
0.19139E+02
0.19118E+02
0.19121E+02
0.19148E+02
0.19193E+02
0.19255E+02
0.19331E+02
0.19417E+02
0.19511E+02
0.19609E+02
0.19708E+02
0.19804E+02
0.19897E+02
0.19983E+02
0.20063E+02
0.20136E+02
0.20202E+02
0.20260E+02
0.20308E+02
0.20345E+02
0.20370E+02
0.20386E+02
0.20392E+02
0.20392E+02
0.20386E+02
0.20374E+02
0.20356E+02
0.20337E+02
0.20318E+02
0.20299E+02
0.20283E+02
0.20273E+02
0.20267E+02
0.20266E+02
0.20270E+02
0.20280E+02
0.20296E+02
0.20318E+02
0.20347E+02
0.20380E+02
0.20413E+02
0.20445E+02
0.20469E+02
0.20486E+02
0.20493E+02
0.20486E+02
0.20466E+02
0.20431E+02
0.20380E+02
0.20313E+02
0.20232E+02
0.20138E+02
0.20025E+02
0.19892E+02
0.19750E+02
0.19601E+02
0.19448E+02
0.19293E+02
0.19143E+02
0.19001E+02
0.18873E+02
0.18762E+02
0.18673E+02
0.18605E+02
0.18561E+02
0.18541E+02
0.18544E+02
0.18570E+02
0.18615E+02
0.18677E+02
0.18755E+02
0.18844E+02
0.18940E+02
0.19040E+02
0.19140E+02
0.19234E+02
0.19319E+02
0.19395E+02
0.19460E+02
0.19512E+02
0.19551E+02
0.19577E+02
0.19588E+02
0.19585E+02
0.19566E+02
0.19533E+02
0.19488E+02
0.19433E+02
0.19368E+02
0.19293E+02
0.19210E+02
0.19118E+02
0.19020E+02
0.18919E+02
0.18813E+02
0.18704E+02
0.18592E+02
0.18477E+02
0.18361E+02
0.18244E+02
0.18128E+02
0.18013E+02
0.17900E+02
0.17790E+02
0.17685E+02
0.17586E+02
0.17495E+02
0.17411E+02
0.17335E+02
0.17266E+02
0.17205E+02
0.17152E+02
0.17106E+02
0.17067E+02
0.17033E+02
0.17003E+02
0.16977E+02
0.16957E+02
0.16942E+02
0.16932E+02
0.16928E+02
0.16929E+02
0.16937E+02
0.16951E+02
0.16972E+02
0.17003E+02
0.17046E+02
0.17100E+02
0.17163E+02
0.17237E+02
0.17324E+02
0.17421E+02
0.17526E+02
0.17637E+02
0.17751E+02
0.17865E+02
0.17978E+02
0.18087E+02
0.18186E+02
0.18276E+02
0.18354E+02
0.18418E+02
0.18465E+02
0.18497E+02
0.18515E+02
0.18519E+02
0.18511E+02
0.18493E+02
0.18471E+02
0.18446E+02
0.18423E+02
0.18405E+02
0.18396E+02
0.18402E+02
0.18425E+02
0.18472E+02
0.18543E+02
0.18641E+02
0.18766E+02
0.18917E+02
0.19091E+02
0.19285E+02
0.19495E+02
0.19720E+02
0.19955E+02
0.20193E+02
0.20430E+02
0.20658E+02
0.20872E+02
0.21067E+02
0.21237E+02
0.21378E+02
0.21487E+02
0.21558E+02
0.21589E+02
0.21579E+02
0.21527E+02
0.21438E+02
0.21314E+02
0.21159E+02
0.20980E+02
0.20781E+02
0.20567E+02
0.20346E+02
0.20127E+02
0.19918E+02
0.19728E+02
0.19562E+02
0.19425E+02
0.19320E+02
0.19248E+02
0.19204E+02
0.19189E+02
0.19198E+02
0.19227E+02
0.19272E+02
0.19330E+02
0.19393E+02
0.19459E+02
0.19523E+02
0.19581E+02
0.19631E+02
0.19672E+02
0.19701E+02
0.19718E+02
0.19724E+02
0.19718E+02
0.19699E+02
0.19665E+02
0.19618E+02
0.19560E+02
0.19491E+02
0.19414E+02
0.19331E+02
0.19246E+02
0.19158E+02
0.19070E+02
0.18984E+02
0.18904E+02
0.18831E+02
0.18768E+02
0.18720E+02
0.18691E+02
0.18683E+02
0.18698E+02
0.18737E+02
0.18798E+02
0.18880E+02
0.18979E+02
0.19094E+02
0.19224E+02
0.19364E+02
0.19509E+02
0.19657E+02
0.19803E+02
0.19941E+02
0.20070E+02
0.20188E+02
0.20292E+02
0.20379E+02
0.20448E+02
0.20499E+02
0.20531E+02
0.20546E+02
0.20544E+02
0.20526E+02
0.20495E+02
0.20455E+02
0.20407E+02
0.20353E+02
0.20298E+02
0.20243E+02
0.20189E+02
0.20140E+02
0.20098E+02
0.20063E+02
0.20037E+02
0.20019E+02
0.20008E+02
0.20006E+02
0.20012E+02
0.20026E+02
0.20047E+02
0.20076E+02
0.20110E+02
0.20146E+02
0.20185E+02
0.20222E+02
0.20256E+02
0.20287E+02
0.20314E+02
0.20337E+02
0.20351E+02
0.20358E+02
0.20357E+02
0.20348E+02
0.20329E+02
0.20298E+02
0.20255E+02
0.20200E+02
0.20135E+02
0.20058E+02
0.19969E+02
0.19868E+02
0.19758E+02
0.19641E+02
0.19518E+02
0.19393E+02
0.19265E+02
0.19140E+02
0.19019E+02
0.18903E+02
0.18793E+02
0.18691E+02
0.18599E+02
0.18515E+02
0.18441E+02
0.18378E+02
0.18322E+02
0.18272E+02
0.18229E+02
0.18193E+02
0.18162E+02
0.18134E+02
0.18111E+02
0.18092E+02
0.18078E+02
0.18070E+02
0.18068E+02
0.18071E+02
0.18079E+02
0.18092E+02
0.18113E+02
0.18142E+02
0.18177E+02
0.18214E+02
0.18254E+02
0.18294E+02
0.18333E+02
0.18368E+02
0.18401E+02
0.18426E+02
0.18442E+02
0.18446E+02
0.18438E+02
0.18418E+02
0.18387E+02
0.18345E+02
0.18291E+02
0.18227E+02
0.18153E+02
0.18072E+02
0.17985E+02
0.17893E+02
0.17802E+02
0.17715E+02
0.17635E+02
0.17564E+02
0.17499E+02
0.17444E+02
0.17399E+02
0.17364E+02
0.17339E+02
0.17323E+02
0.17316E+02
0.17316E+02
0.17321E+02
0.17333E+02
0.17347E+02
0.17365E+02
0.17387E+02
0.17409E+02
0.17432E+02
0.17454E+02
0.17472E+02
0.17487E+02
0.17501E+02
0.17514E+02
0.17528E+02
0.17543E+02
0.17561E+02
0.17579E+02
0.17601E+02
0.17627E+02
0.17657E+02
0.17691E+02
0.17730E+02
0.17774E+02
0.17824E+02
0.17880E+02
0.17940E+02
0.18001E+02
0.18065E+02
0.18132E+02
0.18198E+02
0.18264E+02
0.18329E+02
0.18393E+02
0.18457E+02
0.18523E+02
0.18589E+02
0.18658E+02
0.18730E+02
0.18808E+02
0.18890E+02
0.18976E+02
0.19065E+02
0.19156E+02
0.19248E+02
0.19340E+02
0.19430E+02
0.19519E+02
0.19605E+02
0.19683E+02
0.19750E+02
0.19805E+02
0.19845E+02
0.19870E+02
0.19878E+02
0.19868E+02
0.19838E+02
0.19788E+02
0.19720E+02
0.19634E+02
0.19534E+02
0.19424E+02
0.19304E+02
0.19179E+02
0.19052E+02
0.18930E+02
0.18817E+02
0.18717E+02
0.18634E+02
0.18570E+02
0.18527E+02
0.18505E+02
0.18506E+02
0.18533E+02
0.18584E+02
0.18655E+02
0.18745E+02
0.18850E+02
0.18967E+02
0.19095E+02
0.19231E+02
0.19370E+02
0.19506E+02
0.19637E+02
0.19761E+02
0.19871E+02
0.19967E+02
0.20047E+02
0.20111E+02
0.20157E+02
0.20185E+02
0.20196E+02
0.20188E+02
0.20165E+02
0.20130E+02
0.20085E+02
0.20031E+02
0.19971E+02
0.19911E+02
0.19852E+02
0.19795E+02
0.19741E+02
0.19689E+02
0.19639E+02
0.19590E+02
0.19541E+02
0.19491E+02
0.19438E+02
0.19381E+02
0.19318E+02
0.19251E+02
0.19180E+02
0.19109E+02
0.19040E+02
0.18974E+02
0.18911E+02
0.18854E+02
0.18802E+02
0.18760E+02
0.18728E+02
0.18707E+02
0.18699E+02
0.18706E+02
0.18728E+02
0.18764E+02
0.18813E+02
0.18877E+02
0.18954E+02
0.19043E+02
0.19145E+02
0.19254E+02
0.19368E+02
0.19484E+02
0.19601E+02
0.19717E+02
0.19828E+02
0.19931E+02
0.20022E+02
0.20100E+02
0.20163E+02
0.20210E+02
0.20238E+02
0.20250E+02
0.20248E+02
0.20234E+02
0.20207E+02
0.20168E+02
0.20120E+02
0.20064E+02
0.20000E+02
0.19928E+02
0.19854E+02
0.19781E+02
0.19709E+02
0.19638E+02
0.19570E+02
0.19506E+02
0.19443E+02
0.19383E+02
0.19328E+02
0.19282E+02
0.19245E+02
0.19215E+02
0.19195E+02
0.19186E+02
0.19188E+02
0.19202E+02
0.19229E+02
0.19268E+02
0.19316E+02
0.19371E+02
0.19431E+02
0.19495E+02
0.19558E+02
0.19619E+02
0.19677E+02
0.19729E+02
0.19774E+02
0.19809E+02
0.19832E+02
0.19847E+02
0.19854E+02
0.19851E+02
0.19840E+02
0.19821E+02
0.19797E+02
0.19770E+02
0.19740E+02
0.19705E+02
0.19666E+02
0.19625E+02
0.19581E+02
0.19535E+02
0.19486E+02
0.19435E+02
0.19380E+02
0.19323E+02
0.19263E+02
0.19201E+02
0.19137E+02
0.19073E+02
0.19007E+02
0.18941E+02
0.18874E+02
0.18809E+02
0.18746E+02
0.18687E+02
0.18632E+02
0.18580E+02
0.18533E+02
0.18492E+02
0.18458E+02
0.18429E+02
0.18402E+02
0.18378E+02
0.18357E+02
0.18337E+02
0.18316E+02
0.18294E+02
0.18268E+02
0.18238E+02
0.18202E+02
0.18159E+02
0.18111E+02
0.18058E+02
0.17997E+02
0.17929E+02
0.17853E+02
0.17771E+02
0.17684E+02
0.17594E+02
0.17499E+02
0.17401E+02
0.17299E+02
0.17194E+02
0.17089E+02
0.16984E+02
0.16877E+02
0.16768E+02
0.16655E+02
0.16542E+02
0.16430E+02
0.16321E+02
0.16218E+02
0.16121E+02
0.16032E+02
0.15951E+02
0.15883E+02
0.15829E+02
0.15790E+02
0.15767E+02
0.15763E+02
0.15781E+02
0.15821E+02
0.15882E+02
0.15961E+02
0.16056E+02
0.16166E+02
0.16291E+02
0.16427E+02
0.16571E+02
0.16719E+02
0.16867E+02
0.17017E+02
0.17166E+02
0.17310E+02
0.17450E+02
0.17585E+02
0.17716E+02
0.17842E+02
0.17964E+02
0.18084E+02
0.18202E+02
0.18318E+02
0.18434E+02
0.18550E+02
0.18667E+02
0.18783E+02
0.18900E+02
0.19017E+02
0.19134E+02
0.19249E+02
0.19365E+02
0.19483E+02
0.19598E+02
0.19711E+02
0.19820E+02
0.19921E+02
0.20013E+02
0.20094E+02
0.20164E+02
0.20218E+02
0.20256E+02
0.20277E+02
0.20281E+02
0.20267E+02
0.20237E+02
0.20190E+02
0.20128E+02
0.20051E+02
0.19961E+02
0.19860E+02
0.19750E+02
0.19630E+02
0.19503E+02
0.19374E+02
0.19242E+02
0.19110E+02
0.18979E+02
0.18850E+02
0.18724E+02
0.18600E+02
0.18485E+02
0.18379E+02
0.18288E+02
0.18213E+02
0.18158E+02
0.18127E+02
0.18121E+02
0.18140E+02
0.18187E+02
0.18260E+02
0.18356E+02
0.18473E+02
0.18607E+02
0.18752E+02
0.18905E+02
0.19059E+02
0.19209E+02
0.19350E+02
0.19476E+02
0.19584E+02
0.19673E+02
0.19743E+02
0.19795E+02
0.19834E+02
0.19867E+02
0.19898E+02
0.19934E+02
0.19981E+02
0.20046E+02
0.20132E+02
0.20242E+02
0.20379E+02
0.20540E+02
0.20721E+02
0.20918E+02
0.21123E+02
0.21327E+02
0.21524E+02
0.21705E+02
0.21863E+02
0.21989E+02
0.22079E+02
0.22129E+02
0.22138E+02
0.22101E+02
0.22023E+02
0.21902E+02
0.21742E+02
0.21547E+02
0.21320E+02
0.21068E+02
0.20798E+02
0.20514E+02
0.20222E+02
0.19928E+02
0.19639E+02
0.19360E+02
0.19098E+02
0.18857E+02
0.18642E+02
0.18458E+02
0.18310E+02
0.18199E+02
0.18126E+02
0.18096E+02
0.18107E+02
0.18159E+02
0.18251E+02
0.18382E+02
0.18549E+02
0.18748E+02
0.18975E+02
0.19225E+02
0.19492E+02
0.19769E+02
0.20049E+02
0.20330E+02
0.20608E+02
0.20883E+02
0.21151E+02
0.21405E+02
0.21643E+02
0.21864E+02
0.22069E+02
0.22256E+02
0.22427E+02
0.22580E+02
0.22715E+02
0.22832E+02
0.22930E+02
0.23010E+02
0.23074E+02
0.23123E+02
0.23159E+02
0.23182E+02
0.23193E+02
0.23196E+02
0.23193E+02
0.23182E+02
0.23165E+02
0.23145E+02
0.23121E+02
0.23094E+02
0.23063E+02
0.23026E+02
0.22986E+02
0.22940E+02
0.22887E+02
0.22826E+02
0.22754E+02
0.22670E+02
0.22574E+02
0.22461E+02
0.22333E+02
0.22190E+02
0.22026E+02
0.21840E+02
0.21635E+02
0.21409E+02
0.21161E+02
0.20893E+02
0.20607E+02
0.20306E+02
0.19996E+02
0.19683E+02
0.19367E+02
0.19055E+02
0.18753E+02
0.18466E+02
0.18197E+02
0.17949E+02
0.17727E+02
0.17533E+02
0.17369E+02
0.17236E+02
0.17131E+02
0.17052E+02
0.16998E+02
0.16968E+02
0.16959E+02
0.16969E+02
0.16995E+02
0.17031E+02
0.17076E+02
0.17127E+02
0.17181E+02
0.17236E+02
0.17291E+02
0.17347E+02
0.17405E+02
0.17463E+02
0.17521E+02
0.17582E+02
0.17645E+02
0.17714E+02
0.17789E+02
0.17869E+02
0.17958E+02
0.18056E+02
0.18165E+02
0.18283E+02
0.18409E+02
0.18541E+02
0.18677E+02
0.18813E+02
0.18947E+02
0.19074E+02
0.19194E+02
0.19302E+02
0.19392E+02
0.19459E+02
0.19501E+02
0.19516E+02
0.19502E+02
0.19456E+02
0.19377E+02
0.19265E+02
0.19121E+02
0.18950E+02
0.18753E+02
0.18533E+02
0.18293E+02
0.18040E+02
0.17778E+02
0.17513E+02
0.17252E+02
0.17001E+02
0.16765E+02
0.16550E+02
0.16361E+02
0.16200E+02
0.16071E+02
0.15974E+02
0.15910E+02
0.15880E+02
0.15881E+02
0.15910E+02
0.15964E+02
0.16041E+02
0.16134E+02
0.16240E+02
0.16353E+02
0.16472E+02
0.16593E+02
0.16712E+02
0.16826E+02
0.16933E+02
0.17033E+02
0.17126E+02
0.17212E+02
0.17291E+02
0.17365E+02
0.17437E+02
0.17508E+02
0.17577E+02
0.17647E+02
0.17720E+02
0.17794E+02
0.17868E+02
0.17943E+02
0.18020E+02
0.18096E+02
0.18171E+02
0.18242E+02
0.18307E+02
0.18366E+02
0.18417E+02
0.18461E+02
0.18494E+02
0.18518E+02
0.18534E+02
0.18541E+02
0.18541E+02
0.18531E+02
0.18511E+02
0.18483E+02
0.18447E+02
0.18403E+02
0.18354E+02
0.18298E+02
0.18236E+02
0.18170E+02
0.18103E+02
0.18036E+02
0.17971E+02
0.17909E+02
0.17849E+02
0.17794E+02
0.17745E+02
0.17705E+02
0.17673E+02
0.17648E+02
0.17629E+02
0.17616E+02
0.17609E+02
0.17609E+02
0.17615E+02
0.17626E+02
0.17643E+02
0.17664E+02
0.17689E+02
0.17717E+02
0.17746E+02
0.17776E+02
0.17806E+02
0.17835E+02
0.17861E+02
0.17884E+02
0.17904E+02
0.17920E+02
0.17933E+02
0.17942E+02
0.17946E+02
0.17946E+02
0.17946E+02
0.17949E+02
0.17955E+02
0.17965E+02
0.17980E+02
0.18006E+02
0.18044E+02
0.18098E+02
0.18167E+02
0.18250E+02
0.18350E+02
0.18467E+02
0.18598E+02
0.18743E+02
0.18900E+02
0.19065E+02
0.19236E+02
0.19408E+02
0.19575E+02
0.19736E+02
0.19885E+02
0.20018E+02
0.20134E+02
0.20231E+02
0.20306E+02
0.20357E+02
0.20384E+02
0.20385E+02
0.20362E+02
0.20316E+02
0.20246E+02
0.20154E+02
0.20042E+02
0.19913E+02
0.19771E+02
0.19616E+02
0.19449E+02
0.19271E+02
0.19086E+02
0.18895E+02
0.18702E+02
0.18506E+02
0.18310E+02
0.18116E+02
0.17925E+02
0.17739E+02
0.17559E+02
0.17387E+02
0.17226E+02
0.17077E+02
0.16944E+02
0.16829E+02
0.16736E+02
0.16665E+02
0.16618E+02
0.16600E+02
0.16610E+02
0.16649E+02
0.16720E+02
0.16818E+02
0.16942E+02
0.17088E+02
0.17253E+02
0.17435E+02
0.17627E+02
0.17823E+02
0.18019E+02
0.18208E+02
0.18386E+02
0.18549E+02
0.18694E+02
0.18816E+02
0.18913E+02
0.18983E+02
0.19025E+02
0.19040E+02
0.19030E+02
0.18999E+02
0.18950E+02
0.18888E+02
0.18817E+02
0.18738E+02
0.18658E+02
0.18580E+02
0.18508E+02
0.18447E+02
0.18400E+02
0.18372E+02
0.18365E+02
0.18380E+02
0.18416E+02
0.18472E+02
0.18545E+02
0.18637E+02
0.18747E+02
0.18871E+02
0.19008E+02
0.19153E+02
0.19302E+02
0.19450E+02
0.19594E+02
0.19728E+02
0.19850E+02
0.19956E+02
0.20040E+02
0.20102E+02
0.20140E+02
0.20153E+02
0.20140E+02
0.20102E+02
0.20041E+02
0.19957E+02
0.19850E+02
0.19724E+02
0.19578E+02
0.19415E+02
0.19239E+02
0.19051E+02
0.18853E+02
0.18649E+02
0.18443E+02
0.18239E+02
0.18036E+02
0.17839E+02
0.17650E+02
0.17471E+02
0.17301E+02
0.17145E+02
0.17005E+02
0.16882E+02
0.16778E+02
0.16693E+02
0.16627E+02
0.16581E+02
0.16555E+02
0.16548E+02
0.16557E+02
0.16582E+02
0.16621E+02
0.16672E+02
0.16734E+02
0.16804E+02
0.16884E+02
0.16973E+02
0.17070E+02
0.17173E+02
0.17283E+02
0.17399E+02
0.17521E+02
0.17649E+02
0.17784E+02
0.17926E+02
0.18072E+02
0.18221E+02
0.18370E+02
0.18518E+02
0.18662E+02
0.18800E+02
0.18931E+02
0.19052E+02
0.19161E+02
0.19254E+02
0.19330E+02
0.19388E+02
0.19429E+02
0.19453E+02
0.19456E+02
0.19442E+02
0.19411E+02
0.19365E+02
0.19305E+02
0.19231E+02
0.19147E+02
0.19053E+02
0.18954E+02
0.18852E+02
0.18751E+02
0.18651E+02
0.18555E+02
0.18462E+02
0.18373E+02
0.18291E+02
0.18216E+02
0.18148E+02
0.18086E+02
0.18030E+02
0.17978E+02
0.17930E+02
0.17887E+02
0.17851E+02
0.17822E+02
0.17803E+02
0.17796E+02
0.17801E+02
0.17822E+02
0.17862E+02
0.17919E+02
0.17994E+02
0.18084E+02
0.18191E+02
0.18312E+02
0.18443E+02
0.18579E+02
0.18719E+02
0.18859E+02
0.18996E+02
0.19127E+02
0.19246E+02
0.19351E+02
0.19439E+02
0.19509E+02
0.19561E+02
0.19591E+02
0.19602E+02
0.19591E+02
0.19560E+02
0.19508E+02
0.19437E+02
0.19349E+02
0.19248E+02
0.19137E+02
0.19017E+02
0.18892E+02
0.18766E+02
0.18643E+02
0.18528E+02
0.18421E+02
0.18325E+02
0.18245E+02
0.18180E+02
0.18134E+02
0.18109E+02
0.18103E+02
0.18115E+02
0.18147E+02
0.18196E+02
0.18258E+02
0.18331E+02
0.18416E+02
0.18509E+02
0.18607E+02
0.18707E+02
0.18806E+02
0.18898E+02
0.18981E+02
0.19053E+02
0.19111E+02
0.19157E+02
0.19188E+02
0.19201E+02
0.19198E+02
0.19180E+02
0.19147E+02
0.19103E+02
0.19048E+02
0.18987E+02
0.18923E+02
0.18859E+02
0.18799E+02
0.18746E+02
0.18705E+02
0.18677E+02
0.18668E+02
0.18680E+02
0.18714E+02
0.18768E+02
0.18844E+02
0.18940E+02
0.19055E+02
0.19186E+02
0.19329E+02
0.19482E+02
0.19639E+02
0.19795E+02
0.19948E+02
0.20090E+02
0.20220E+02
0.20335E+02
0.20431E+02
0.20504E+02
0.20554E+02
0.20580E+02
0.20584E+02
0.20566E+02
0.20528E+02
0.20468E+02
0.20386E+02
0.20283E+02
0.20162E+02
0.20027E+02
0.19881E+02
0.19724E+02
0.19559E+02
0.19388E+02
0.19213E+02
0.19035E+02
0.18853E+02
0.18670E+02
0.18488E+02
0.18306E+02
0.18126E+02
0.17951E+02
0.17783E+02
0.17620E+02
0.17465E+02
0.17317E+02
0.17180E+02
0.17057E+02
0.16950E+02
0.16862E+02
0.16795E+02
0.16749E+02
0.16725E+02
0.16726E+02
0.16751E+02
0.16799E+02
0.16868E+02
0.16956E+02
0.17061E+02
0.17179E+02
0.17307E+02
0.17441E+02
0.17579E+02
0.17716E+02
0.17850E+02
0.17979E+02
0.18099E+02
0.18207E+02
0.18303E+02
0.18386E+02
0.18456E+02
0.18510E+02
0.18546E+02
0.18568E+02
0.18575E+02
0.18564E+02
0.18534E+02
0.18487E+02
0.18425E+02
0.18350E+02
0.18263E+02
0.18167E+02
0.18061E+02
0.17951E+02
0.17839E+02
0.17728E+02
0.17619E+02
0.17516E+02
0.17422E+02
0.17341E+02
0.17276E+02
0.17230E+02
0.17204E+02
0.17200E+02
0.17218E+02
0.17261E+02
0.17328E+02
0.17418E+02
0.17526E+02
0.17649E+02
0.17787E+02
0.17937E+02
0.18095E+02
0.18255E+02
0.18417E+02
0.18577E+02
0.18730E+02
0.18870E+02
0.18993E+02
0.19097E+02
0.19181E+02
0.19244E+02
0.19285E+02
0.19305E+02
0.19303E+02
0.19279E+02
0.19235E+02
0.19172E+02
0.19093E+02
0.19003E+02
0.18904E+02
0.18800E+02
0.18693E+02
0.18584E+02
0.18478E+02
0.18375E+02
0.18277E+02
0.18186E+02
0.18103E+02
0.18032E+02
0.17972E+02
0.17922E+02
0.17882E+02
0.17852E+02
0.17832E+02
0.17821E+02
0.17818E+02
0.17822E+02
0.17831E+02
0.17843E+02
0.17858E+02
0.17875E+02
0.17892E+02
0.17908E+02
0.17927E+02
0.17953E+02
0.17984E+02
0.18023E+02
0.18073E+02
0.18134E+02
0.18211E+02
0.18307E+02
0.18422E+02
0.18557E+02
0.18711E+02
0.18883E+02
0.19072E+02
0.19278E+02
0.19494E+02
0.19716E+02
0.19941E+02
0.20166E+02
0.20385E+02
0.20593E+02
0.20788E+02
0.20965E+02
0.21125E+02
0.21266E+02
0.21385E+02
0.21483E+02
0.21561E+02
0.21618E+02
0.21659E+02
0.21685E+02
0.21695E+02
0.21691E+02
0.21673E+02
0.21643E+02
0.21602E+02
0.21550E+02
0.21486E+02
0.21409E+02
0.21320E+02
0.21217E+02
0.21099E+02
0.20965E+02
0.20816E+02
0.20653E+02
0.20477E+02
0.20289E+02
0.20093E+02
0.19890E+02
0.19684E+02
0.19476E+02
0.19270E+02
0.19068E+02
0.18875E+02
0.18694E+02
0.18527E+02
0.18374E+02
0.18236E+02
0.18117E+02
0.18017E+02
0.17935E+02
0.17873E+02
0.17834E+02
0.17816E+02
0.17819E+02
0.17846E+02
0.17897E+02
0.17969E+02
0.18061E+02
0.18171E+02
0.18298E+02
0.18441E+02
0.18600E+02
0.18769E+02
0.18946E+02
0.19126E+02
0.19306E+02
0.19481E+02
0.19647E+02
0.19799E+02
0.19933E+02
0.20046E+02
0.20135E+02
0.20195E+02
0.20227E+02
0.20230E+02
0.20203E+02
0.20147E+02
0.20061E+02
0.19947E+02
0.19810E+02
0.19654E+02
0.19479E+02
0.19290E+02
0.19093E+02
0.18898E+02
0.18707E+02
0.18525E+02
0.18360E+02
0.18217E+02
0.18098E+02
0.18007E+02
0.17947E+02
0.17923E+02
0.17935E+02
0.17982E+02
0.18061E+02
0.18169E+02
0.18304E+02
0.18462E+02
0.18637E+02
0.18823E+02
0.19012E+02
0.19199E+02
0.19378E+02
0.19544E+02
0.19691E+02
0.19815E+02
0.19911E+02
0.19974E+02
0.20004E+02
0.19998E+02
0.19954E+02
0.19876E+02
0.19765E+02
0.19624E+02
0.19458E+02
0.19268E+02
0.19060E+02
0.18838E+02
0.18608E+02
0.18376E+02
0.18149E+02
0.17934E+02
0.17735E+02
0.17555E+02
0.17398E+02
0.17268E+02
0.17167E+02
0.17095E+02
0.17054E+02
0.17040E+02
0.17052E+02
0.17088E+02
0.17144E+02
0.17219E+02
0.17309E+02
0.17409E+02
0.17517E+02
0.17628E+02
0.17743E+02
0.17860E+02
0.17976E+02
0.18090E+02
0.18199E+02
0.18302E+02
0.18398E+02
0.18485E+02
0.18560E+02
0.18624E+02
0.18673E+02
0.18707E+02
0.18725E+02
0.18727E+02
0.18713E+02
0.18684E+02
0.18639E+02
0.18578E+02
0.18502E+02
0.18411E+02
0.18306E+02
0.18189E+02
0.18062E+02
0.17926E+02
0.17782E+02
0.17631E+02
0.17478E+02
0.17323E+02
0.17167E+02
0.17013E+02
0.16862E+02
0.16714E+02
0.16570E+02
0.16430E+02
0.16292E+02
0.16158E+02
0.16031E+02
0.15909E+02
0.15795E+02
0.15691E+02
0.15597E+02
0.15514E+02
0.15445E+02
0.15392E+02
0.15358E+02
0.15342E+02
0.15350E+02
0.15384E+02
0.15445E+02
0.15536E+02
0.15656E+02
0.15808E+02
0.15989E+02
0.16196E+02
0.16426E+02
0.16678E+02
0.16948E+02
0.17233E+02
0.17528E+02
0.17828E+02
0.18128E+02
0.18420E+02
0.18701E+02
0.18965E+02
0.19209E+02
0.19426E+02
0.19612E+02
0.19763E+02
0.19874E+02
0.19943E+02
0.19969E+02
0.19950E+02
0.19884E+02
0.19771E+02
0.19616E+02
0.19420E+02
0.19189E+02
0.18927E+02
0.18640E+02
0.18335E+02
0.18020E+02
0.17702E+02
0.17389E+02
0.17088E+02
0.16810E+02
0.16558E+02
0.16340E+02
0.16160E+02
0.16024E+02
0.15933E+02
0.15888E+02
0.15888E+02
0.15929E+02
0.16008E+02
0.16121E+02
0.16263E+02
0.16433E+02
0.16625E+02
0.16835E+02
0.17056E+02
0.17287E+02
0.17521E+02
0.17755E+02
0.17984E+02
0.18207E+02
0.18420E+02
0.18621E+02
0.18808E+02
0.18981E+02
0.19136E+02
0.19272E+02
0.19388E+02
0.19483E+02
0.19560E+02
0.19620E+02
0.19664E+02
0.19695E+02
0.19715E+02
0.19725E+02
0.19725E+02
0.19719E+02
0.19711E+02
0.19704E+02
0.19697E+02
0.19692E+02
0.19690E+02
0.19693E+02
0.19700E+02
0.19715E+02
0.19739E+02
0.19774E+02
0.19817E+02
0.19869E+02
0.19930E+02
0.20000E+02
0.20078E+02
0.20165E+02
0.20261E+02
0.20365E+02
0.20474E+02
0.20588E+02
0.20706E+02
0.20827E+02
0.20952E+02
0.21080E+02
0.21212E+02
0.21344E+02
0.21475E+02
0.21604E+02
0.21725E+02
0.21835E+02
0.21933E+02
0.22014E+02
0.22075E+02
0.22111E+02
0.22118E+02
0.22095E+02
0.22043E+02
0.21962E+02
0.21850E+02
0.21709E+02
0.21541E+02
0.21347E+02
0.21132E+02
0.20897E+02
0.20650E+02
0.20396E+02
0.20138E+02
0.19881E+02
0.19633E+02
0.19396E+02
0.19176E+02
0.18976E+02
0.18801E+02
0.18653E+02
0.18536E+02
0.18453E+02
0.18402E+02
0.18384E+02
0.18397E+02
0.18442E+02
0.18516E+02
0.18618E+02
0.18745E+02
0.18894E+02
0.19060E+02
0.19236E+02
0.19419E+02
0.19605E+02
0.19790E+02
0.19968E+02
0.20139E+02
0.20296E+02
0.20438E+02
0.20559E+02
0.20656E+02
0.20729E+02
0.20776E+02
0.20799E+02
0.20798E+02
0.20776E+02
0.20733E+02
0.20674E+02
0.20598E+02
0.20508E+02
0.20406E+02
0.20295E+02
0.20175E+02
0.20046E+02
0.19911E+02
0.19770E+02
0.19626E+02
0.19477E+02
0.19324E+02
0.19168E+02
0.19009E+02
0.18847E+02
0.18683E+02
0.18518E+02
0.18353E+02
0.18192E+02
0.18035E+02
0.17888E+02
0.17751E+02
0.17625E+02
0.17514E+02
0.17422E+02
0.17352E+02
0.17305E+02
0.17281E+02
0.17281E+02
0.17306E+02
0.17352E+02
0.17421E+02
0.17513E+02
0.17622E+02
0.17744E+02
0.17877E+02
0.18017E+02
0.18161E+02
0.18305E+02
0.18444E+02
0.18577E+02
0.18700E+02
0.18807E+02
0.18898E+02
0.18972E+02
0.19026E+02
0.19060E+02
0.19074E+02
0.19069E+02
0.19046E+02
0.19006E+02
0.18950E+02
0.18883E+02
0.18812E+02
0.18741E+02
0.18668E+02
0.18597E+02
0.18528E+02
0.18462E+02
0.18399E+02
0.18339E+02
0.18285E+02
0.18237E+02
0.18196E+02
0.18160E+02
0.18128E+02
0.18099E+02
0.18073E+02
0.18047E+02
0.18022E+02
0.17998E+02
0.17974E+02
0.17952E+02
0.17932E+02
0.17915E+02
0.17898E+02
0.17883E+02
0.17870E+02
0.17860E+02
0.17854E+02
0.17851E+02
0.17851E+02
0.17856E+02
0.17867E+02
0.17885E+02
0.17909E+02
0.17942E+02
0.17983E+02
0.18034E+02
0.18093E+02
0.18162E+02
0.18241E+02
0.18327E+02
0.18419E+02
0.18516E+02
0.18614E+02
0.18714E+02
0.18812E+02
0.18906E+02
0.18993E+02
0.19072E+02
0.19145E+02
0.19209E+02
0.19262E+02
0.19305E+02
0.19339E+02
0.19366E+02
0.19388E+02
0.19403E+02
0.19412E+02
0.19417E+02
0.19419E+02
0.19420E+02
0.19423E+02
0.19425E+02
0.19424E+02
0.19418E+02
0.19408E+02
0.19394E+02
0.19374E+02
0.19348E+02
0.19314E+02
0.19271E+02
0.19215E+02
0.19146E+02
0.19062E+02
0.18965E+02
0.18854E+02
0.18733E+02
0.18602E+02
0.18460E+02
0.18310E+02
0.18155E+02
0.17998E+02
0.17844E+02
0.17698E+02
0.17563E+02
0.17441E+02
0.17336E+02
0.17248E+02
0.17178E+02
0.17127E+02
0.17093E+02
0.17078E+02
0.17079E+02
0.17094E+02
0.17122E+02
0.17159E+02
0.17203E+02
0.17251E+02
0.17302E+02
0.17356E+02
0.17411E+02
0.17463E+02
0.17514E+02
0.17561E+02
0.17603E+02
0.17640E+02
0.17674E+02
0.17704E+02
0.17732E+02
0.17759E+02
0.17784E+02
0.17808E+02
0.17831E+02
0.17854E+02
0.17880E+02
0.17908E+02
0.17938E+02
0.17973E+02
0.18013E+02
0.18059E+02
0.18110E+02
0.18164E+02
0.18223E+02
0.18286E+02
0.18352E+02
0.18422E+02
0.18495E+02
0.18569E+02
0.18644E+02
0.18715E+02
0.18779E+02
0.18834E+02
0.18879E+02
0.18912E+02
0.18934E+02
0.18944E+02
0.18939E+02
0.18921E+02
0.18889E+02
0.18844E+02
0.18786E+02
0.18718E+02
0.18644E+02
0.18566E+02
0.18488E+02
0.18414E+02
0.18347E+02
0.18290E+02
0.18243E+02
0.18205E+02
0.18177E+02
0.18159E+02
0.18151E+02
0.18152E+02
0.18159E+02
0.18168E+02
0.18176E+02
0.18182E+02
0.18183E+02
0.18175E+02
0.18159E+02
0.18135E+02
0.18100E+02
0.18057E+02
0.18007E+02
0.17953E+02
0.17897E+02
0.17842E+02
0.17792E+02
0.17748E+02
0.17715E+02
0.17694E+02
0.17687E+02
0.17696E+02
0.17722E+02
0.17765E+02
0.17828E+02
0.17907E+02
0.18001E+02
0.18109E+02
0.18227E+02
0.18353E+02
0.18484E+02
0.18618E+02
0.18751E+02
0.18879E+02
0.19001E+02
0.19113E+02
0.19214E+02
0.19303E+02
0.19375E+02
0.19429E+02
0.19463E+02
0.19475E+02
0.19463E+02
0.19426E+02
0.19364E+02
0.19275E+02
0.19158E+02
0.19011E+02
0.18837E+02
0.18638E+02
0.18413E+02
0.18166E+02
0.17898E+02
0.17615E+02
0.17321E+02
0.17021E+02
0.16720E+02
0.16423E+02
0.16137E+02
0.15868E+02
0.15619E+02
0.15396E+02
0.15200E+02
0.15035E+02
0.14901E+02
0.14800E+02
0.14730E+02
0.14692E+02
0.14682E+02
0.14701E+02
0.14745E+02
0.14812E+02
0.14900E+02
0.15008E+02
0.15135E+02
0.15280E+02
0.15443E+02
0.15621E+02
0.15816E+02
0.16026E+02
0.16251E+02
0.16491E+02
0.16743E+02
0.17006E+02
0.17275E+02
0.17548E+02
0.17821E+02
0.18090E+02
0.18349E+02
0.18594E+02
0.18823E+02
0.19033E+02
0.19219E+02
0.19381E+02
0.19519E+02
0.19629E+02
0.19713E+02
0.19774E+02
0.19814E+02
0.19835E+02
0.19840E+02
0.19830E+02
0.19806E+02
0.19773E+02
0.19731E+02
0.19684E+02
0.19633E+02
0.19580E+02
0.19526E+02
0.19474E+02
0.19420E+02
0.19364E+02
0.19306E+02
0.19247E+02
0.19185E+02
0.19119E+02
0.19049E+02
0.18976E+02
0.18897E+02
0.18811E+02
0.18718E+02
0.18619E+02
0.18514E+02
0.18403E+02
0.18285E+02
0.18163E+02
0.18041E+02
0.17922E+02
0.17806E+02
0.17695E+02
0.17594E+02
0.17506E+02
0.17431E+02
0.17373E+02
0.17332E+02
0.17309E+02
0.17309E+02
0.17332E+02
0.17380E+02
0.17450E+02
0.17542E+02
0.17655E+02
0.17786E+02
0.17932E+02
0.18089E+02
0.18256E+02
0.18428E+02
0.18601E+02
0.18773E+02
0.18941E+02
0.19100E+02
0.19247E+02
0.19379E+02
0.19496E+02
0.19597E+02
0.19683E+02
0.19754E+02
0.19807E+02
0.19843E+02
0.19862E+02
0.19867E+02
0.19859E+02
0.19838E+02
0.19807E+02
0.19767E+02
0.19720E+02
0.19668E+02
0.19614E+02
0.19561E+02
0.19510E+02
0.19460E+02
0.19413E+02
0.19368E+02
0.19326E+02
0.19285E+02
0.19242E+02
0.19198E+02
0.19150E+02
0.19095E+02
0.19030E+02
0.18955E+02
0.18865E+02
0.18758E+02
0.18633E+02
0.18490E+02
0.18332E+02
0.18159E+02
0.17976E+02
0.17786E+02
0.17595E+02
0.17407E+02
0.17228E+02
0.17062E+02
0.16915E+02
0.16790E+02
0.16690E+02
0.16618E+02
0.16576E+02
0.16565E+02
0.16587E+02
0.16637E+02
0.16716E+02
0.16821E+02
0.16947E+02
0.17089E+02
0.17244E+02
0.17408E+02
0.17574E+02
0.17738E+02
0.17892E+02
0.18029E+02
0.18147E+02
0.18240E+02
0.18302E+02
0.18333E+02
0.18333E+02
0.18300E+02
0.18235E+02
0.18144E+02
0.18030E+02
0.17900E+02
0.17758E+02
0.17613E+02
0.17473E+02
0.17343E+02
0.17231E+02
0.17142E+02
0.17083E+02
0.17058E+02
0.17069E+02
0.17118E+02
0.17207E+02
0.17335E+02
0.17498E+02
0.17693E+02
0.17916E+02
0.18164E+02
0.18427E+02
0.18698E+02
0.18973E+02
0.19244E+02
0.19506E+02
0.19754E+02
0.19984E+02
0.20191E+02
0.20373E+02
0.20527E+02
0.20649E+02
0.20739E+02
0.20797E+02
0.20823E+02
0.20818E+02
