   1  48   1   0  0.1694583E+02  0.3000000E+04
  CAR 
 Ir_Ru                                   
   0   0   0
   1   1
 256 256 256
 256
  0.1000000E-09
  0.6250000E-11
   6
  0.1500000E-14  0.7492567E-09  0.1103052E-08  0.1216163E-08
  0.2996624E+04  0.2851042E+04
  0.000
  0.000
  0.000
  0.000
  0.000
  0.000
  0.000
  0.000
  0.000
  0.000
  0.000
  0.000
  0.000
  0.000
  0.000
  0.000
  0.000
  0.000
  0.000
  0.000
  0.000
  0.000
  0.000
  0.000
  0.000
  0.000
  0.000
  0.000
  0.000
  0.000
  0.000
  0.000
  0.000
  0.032
  0.085
  0.236
  0.515
  0.908
  1.322
  1.991
  2.358
  2.403
  2.487
  2.292
  2.133
  1.903
  1.691
  1.630
  1.329
  1.146
  1.020
  0.888
  0.809
  0.847
  0.784
  0.734
  0.670
  0.678
  0.652
  0.630
  0.675
  0.696
  0.666
  0.641
  0.736
  0.766
  0.806
  0.798
  0.848
  0.888
  0.976
  1.034
  1.049
  1.154
  1.156
  1.152
  1.216
  1.154
  1.151
  1.175
  1.180
  1.151
  1.098
  1.104
  1.114
  1.160
  1.156
  1.100
  1.069
  1.058
  1.001
  0.969
  0.914
  0.925
  0.933
  0.928
  0.909
  0.865
  0.848
  0.857
  0.900
  0.907
  0.906
  0.899
  0.931
  0.933
  0.953
  0.972
  1.000
  1.020
  0.995
  1.020
  1.030
  1.019
  0.994
  0.975
  0.992
  1.013
  1.004
  0.997
  1.001
  1.014
  1.048
  1.034
  1.027
  1.053
  1.000
  0.993
  0.977
  0.971
  0.977
  0.933
  0.927
  0.958
  0.965
  0.973
  0.963
  0.966
  0.996
  0.958
  0.959
  0.967
  0.963
  0.956
  0.945
  0.932
  0.968
  0.978
  0.984
  1.026
  0.992
  1.009
  1.011
  1.050
  1.045
  1.031
  1.039
  1.049
  1.025
  1.023
  1.023
  1.013
  0.991
  1.013
  1.008
  1.009
  0.973
  0.976
  0.992
  0.990
  0.969
  0.935
  0.959
  0.933
  0.924
  0.913
  0.899
  0.917
  0.913
  0.931
  0.936
  0.941
  0.955
  0.956
  0.960
  0.959
  0.967
  0.965
  0.984
  0.993
  0.971
  0.982
  1.002
  0.988
  0.982
  0.983
  0.994
  0.985
  0.998
  0.980
  0.992
  0.996
  0.993
  0.975
  0.978
  0.975
  0.958
  0.972
  0.963
  0.966
  0.960
  0.964
  0.959
  0.989
  0.981
  0.969
  0.947
  0.942
  0.965
  0.966
  0.970
  0.984
  1.000
  0.988
  0.974
  0.999
  0.991
  1.008
  0.995
  0.983
  0.980
  0.997
  0.988
  0.996
  0.986
  0.994
  0.988
  0.987
  0.982
  0.975
  0.988
  0.964
  0.959
  0.949
  0.964
  0.952
  0.958
  0.949
  0.944
  0.946
  0.943
  0.945
  0.961
  0.967
  0.966
  0.958
  0.2997023E+04  0.1115384E+04
  0.000
  0.000
  0.000
  0.000
  0.000
  0.000
  0.000
  0.000
  0.000
  0.000
  0.000
  0.000
  0.000
  0.000
  0.000
  0.000
  0.000
  0.000
  0.000
  0.000
  0.000
  0.000
  0.000
  0.000
  0.000
  0.000
  0.000
  0.000
  0.000
  0.000
  0.000
  0.000
  0.017
  0.067
  0.122
  0.264
  0.482
  1.006
  1.487
  1.925
  2.322
  2.346
  2.412
  2.276
  2.233
  1.859
  1.621
  1.381
  1.212
  1.097
  1.010
  0.967
  0.967
  0.838
  0.889
  0.825
  0.741
  0.709
  0.682
  0.687
  0.671
  0.671
  0.680
  0.701
  0.657
  0.733
  0.776
  0.775
  0.822
  0.880
  0.884
  0.983
  0.978
  1.057
  1.096
  1.096
  1.128
  1.227
  1.259
  1.226
  1.307
  1.295
  1.256
  1.207
  1.134
  1.132
  1.084
  1.050
  0.992
  0.990
  0.960
  0.978
  0.930
  0.905
  0.902
  0.911
  0.895
  0.911
  0.904
  0.876
  0.908
  0.916
  0.867
  0.866
  0.864
  0.895
  0.946
  0.944
  0.978
  0.962
  0.963
  0.987
  1.012
  1.039
  1.087
  1.117
  1.086
  1.088
  1.084
  1.072
  1.040
  1.039
  1.027
  0.980
  0.967
  0.947
  0.958
  0.966
  0.957
  0.925
  0.954
  0.919
  0.933
  0.956
  0.944
  0.948
  0.962
  0.991
  0.953
  0.962
  0.947
  0.950
  0.955
  0.972
  0.999
  0.957
  0.981
  0.998
  0.999
  1.028
  1.020
  1.061
  1.059
  1.054
  1.041
  1.062
  1.034
  1.049
  1.021
  1.024
  1.020
  1.023
  0.966
  0.959
  0.965
  0.958
  0.948
  0.949
  0.912
  0.939
  0.948
  0.961
  0.938
  0.941
  0.960
  0.954
  0.960
  0.933
  0.954
  0.958
  0.951
  0.960
  0.956
  0.972
  0.993
  0.967
  0.985
  0.982
  0.984
  0.977
  0.989
  0.980
  0.949
  0.967
  0.972
  1.000
  0.997
  0.975
  0.953
  0.963
  0.960
  0.954
  0.968
  0.956
  0.960
  0.967
  0.957
  0.969
  0.978
  0.986
  1.000
  0.982
  0.985
  0.993
  0.959
  0.965
  0.975
  0.992
  0.998
  1.002
  0.999
  0.994
  0.985
  0.981
  0.990
  1.003
  0.975
  0.980
  0.984
  0.976
  0.983
  0.987
  0.993
  0.971
  0.960
  0.958
  0.954
  0.970
  0.954
  0.954
  0.962
  0.969
  0.956
  0.962
  0.970
  0.974
  0.965
  0.964
  0.971
  0.972
  0.975
  0.980
  0.972
  0.973
  0.977
  0.962
  0.3000821E+04  0.3585299E+04
  0.000
  0.000
  0.000
  0.000
  0.000
  0.000
  0.000
  0.000
  0.000
  0.000
  0.000
  0.000
  0.000
  0.000
  0.000
  0.000
  0.000
  0.000
  0.000
  0.000
  0.000
  0.000
  0.000
  0.000
  0.000
  0.000
  0.000
  0.000
  0.000
  0.000
  0.000
  0.000
  0.012
  0.060
  0.088
  0.301
  0.585
  1.081
  1.499
  1.988
  2.219
  2.319
  2.210
  2.232
  2.156
  1.848
  1.700
  1.492
  1.342
  1.109
  1.009
  0.924
  0.776
  0.801
  0.833
  0.832
  0.711
  0.715
  0.654
  0.638
  0.658
  0.742
  0.740
  0.811
  0.761
  0.763
  0.782
  0.790
  0.817
  0.898
  0.975
  0.974
  0.998
  1.076
  1.161
  1.137
  1.137
  1.147
  1.179
  1.187
  1.227
  1.207
  1.222
  1.156
  1.114
  1.118
  1.058
  1.052
  1.038
  0.972
  0.969
  0.909
  0.873
  0.910
  0.959
  0.936
  0.930
  0.888
  0.915
  0.902
  0.918
  0.965
  0.986
  0.932
  0.912
  0.943
  0.958
  0.969
  0.985
  1.006
  1.009
  0.975
  1.003
  1.025
  1.009
  1.028
  1.011
  0.978
  0.962
  0.973
  0.994
  0.993
  1.001
  1.026
  0.980
  1.006
  1.017
  1.001
  0.953
  0.949
  0.945
  0.988
  0.984
  0.968
  0.972
  0.991
  0.999
  0.952
  0.981
  0.990
  1.007
  0.995
  1.002
  0.997
  0.986
  0.984
  0.954
  0.966
  0.956
  0.957
  0.973
  0.991
  1.010
  1.014
  1.009
  1.018
  1.010
  1.021
  1.022
  0.985
  1.011
  1.026
  1.022
  1.024
  0.995
  1.008
  0.977
  0.989
  0.969
  0.969
  0.979
  0.972
  0.964
  0.944
  0.925
  0.916
  0.940
  0.961
  0.950
  0.957
  0.945
  0.947
  0.932
  0.939
  0.940
  0.951
  0.971
  0.977
  0.947
  0.962
  0.959
  0.967
  0.983
  0.974
  1.001
  0.978
  0.977
  0.987
  0.980
  0.987
  0.991
  1.006
  0.980
  1.006
  0.998
  0.983
  0.979
  0.976
  0.970
  0.964
  0.971
  0.955
  0.960
  0.955
  0.958
  0.970
  0.963
  0.971
  0.967
  1.000
  0.995
  0.991
  0.994
  0.979
  0.982
  0.977
  0.973
  0.974
  0.974
  0.991
  0.997
  0.983
  0.974
  0.980
  0.977
  0.980
  0.977
  0.985
  0.969
  0.982
  0.990
  0.974
  0.974
  0.972
  0.964
  0.959
  0.974
  0.962
  0.955
  0.952
  0.965
  0.962
  0.953
  0.959
  0.966
  0.966
  0.2999792E+04  0.2857667E+04
  0.000
  0.000
  0.000
  0.000
  0.000
  0.000
  0.000
  0.000
  0.000
  0.000
  0.000
  0.000
  0.000
  0.000
  0.000
  0.000
  0.000
  0.000
  0.000
  0.000
  0.000
  0.000
  0.000
  0.000
  0.000
  0.000
  0.000
  0.000
  0.000
  0.000
  0.000
  0.000
  0.010
  0.072
  0.148
  0.237
  0.485
  0.951
  1.458
  1.931
  2.341
  2.384
  2.354
  2.194
  2.077
  1.898
  1.744
  1.482
  1.283
  1.130
  1.006
  0.990
  0.859
  0.796
  0.831
  0.783
  0.715
  0.717
  0.747
  0.689
  0.676
  0.688
  0.738
  0.719
  0.724
  0.704
  0.794
  0.834
  0.784
  0.869
  0.906
  0.967
  1.056
  1.057
  1.123
  1.084
  1.107
  1.068
  1.143
  1.231
  1.220
  1.254
  1.211
  1.216
  1.217
  1.165
  1.139
  1.109
  1.081
  0.998
  0.982
  0.960
  0.940
  0.952
  0.957
  0.904
  0.857
  0.871
  0.832
  0.871
  0.855
  0.846
  0.915
  0.904
  0.927
  0.922
  0.955
  0.986
  0.967
  0.992
  1.002
  0.991
  0.991
  1.031
  1.052
  1.035
  1.024
  1.010
  1.047
  0.999
  0.990
  0.997
  1.033
  1.032
  1.004
  1.037
  1.023
  1.002
  1.003
  0.979
  0.962
  0.958
  0.955
  0.950
  0.951
  0.977
  0.968
  0.924
  0.928
  0.926
  0.961
  0.951
  0.975
  0.971
  0.985
  0.990
  0.942
  0.959
  0.989
  0.997
  1.016
  1.049
  1.030
  1.015
  1.020
  1.042
  1.049
  1.042
  1.036
  1.035
  1.009
  0.996
  0.996
  0.983
  1.009
  1.011
  1.006
  0.965
  0.985
  0.963
  0.959
  0.947
  0.936
  0.943
  0.943
  0.937
  0.922
  0.902
  0.917
  0.923
  0.950
  0.962
  0.956
  0.957
  0.951
  0.956
  0.971
  0.987
  0.976
  0.961
  0.980
  0.989
  0.975
  0.961
  0.974
  0.984
  0.969
  0.986
  0.985
  0.996
  0.992
  0.978
  0.992
  0.980
  0.984
  0.993
  0.988
  1.001
  0.996
  0.982
  0.984
  0.990
  0.952
  0.956
  0.956
  0.965
  0.945
  0.959
  0.983
  0.984
  0.967
  0.973
  0.974
  0.977
  0.974
  0.976
  0.977
  0.983
  0.980
  0.984
  0.984
  0.984
  0.973
  0.978
  0.984
  0.994
  1.001
  0.989
  0.995
  0.974
  0.962
  0.960
  0.974
  0.981
  0.981
  0.979
  0.959
  0.952
  0.965
  0.959
  0.954
  0.955
  0.959
  0.965
  0.950
  0.956
  0.2999195E+04  0.2726560E+04
  0.000
  0.000
  0.000
  0.000
  0.000
  0.000
  0.000
  0.000
  0.000
  0.000
  0.000
  0.000
  0.000
  0.000
  0.000
  0.000
  0.000
  0.000
  0.000
  0.000
  0.000
  0.000
  0.000
  0.000
  0.000
  0.000
  0.000
  0.000
  0.000
  0.000
  0.000
  0.000
  0.002
  0.031
  0.089
  0.263
  0.537
  1.018
  1.431
  1.820
  2.352
  2.318
  2.509
  2.352
  2.187
  1.914
  1.650
  1.438
  1.357
  1.278
  1.118
  0.987
  0.832
  0.820
  0.693
  0.668
  0.690
  0.682
  0.646
  0.631
  0.602
  0.638
  0.671
  0.668
  0.732
  0.711
  0.759
  0.769
  0.802
  0.895
  0.922
  0.984
  1.056
  1.173
  1.200
  1.181
  1.206
  1.191
  1.227
  1.242
  1.276
  1.231
  1.230
  1.192
  1.178
  1.107
  1.155
  1.103
  1.023
  0.964
  0.955
  0.892
  0.877
  0.887
  0.844
  0.868
  0.855
  0.855
  0.862
  0.841
  0.864
  0.879
  0.905
  0.903
  0.928
  0.977
  0.946
  0.954
  1.001
  1.002
  1.038
  1.114
  1.105
  1.034
  1.048
  1.061
  1.042
  1.052
  1.051
  1.031
  1.027
  1.046
  1.022
  0.989
  0.995
  0.974
  0.974
  0.970
  0.930
  0.864
  0.891
  0.906
  0.929
  0.909
  0.940
  0.921
  0.962
  0.957
  0.957
  0.989
  0.967
  0.986
  0.990
  1.006
  1.000
  1.005
  1.013
  1.028
  1.012
  1.021
  1.039
  1.034
  1.033
  1.079
  1.039
  1.056
  1.044
  1.050
  1.044
  1.006
  0.985
  0.987
  0.982
  0.975
  0.961
  0.936
  0.947
  0.938
  0.915
  0.923
  0.931
  0.922
  0.944
  0.915
  0.929
  0.930
  0.939
  0.973
  0.959
  0.957
  0.978
  0.986
  0.979
  0.982
  0.974
  0.998
  0.997
  0.997
  0.996
  0.991
  0.986
  0.986
  0.978
  0.973
  0.976
  0.984
  0.973
  0.955
  0.970
  0.982
  0.981
  0.972
  0.957
  0.969
  0.958
  0.955
  0.963
  0.956
  0.936
  0.950
  0.947
  0.947
  0.983
  0.972
  0.964
  0.968
  0.995
  1.010
  1.017
  1.022
  1.012
  1.000
  0.999
  0.991
  1.003
  0.997
  0.989
  0.985
  0.974
  0.985
  0.978
  0.968
  0.967
  0.985
  0.973
  0.965
  0.954
  0.959
  0.964
  0.979
  0.961
  0.956
  0.946
  0.952
  0.948
  0.950
  0.960
  0.956
  0.956
  0.959
  0.964
  0.971
  0.967
  0.983
  0.991
  0.984
  0.3001427E+04  0.2826212E+04
  0.000
  0.000
  0.000
  0.000
  0.000
  0.000
  0.000
  0.000
  0.000
  0.000
  0.000
  0.000
  0.000
  0.000
  0.000
  0.000
  0.000
  0.000
  0.000
  0.000
  0.000
  0.000
  0.000
  0.000
  0.000
  0.000
  0.000
  0.000
  0.000
  0.000
  0.000
  0.000
  0.008
  0.050
  0.145
  0.380
  0.659
  1.181
  1.547
  2.043
  2.242
  2.271
  2.283
  2.173
  2.012
  1.838
  1.685
  1.452
  1.176
  1.002
  0.971
  0.950
  0.825
  0.726
  0.798
  0.773
  0.705
  0.731
  0.700
  0.687
  0.719
  0.764
  0.769
  0.785
  0.753
  0.825
  0.873
  0.901
  0.872
  0.933
  0.960
  0.945
  1.027
  1.069
  1.081
  1.139
  1.176
  1.152
  1.153
  1.157
  1.099
  1.117
  1.154
  1.148
  1.131
  1.071
  1.051
  1.045
  1.031
  1.037
  0.998
  0.956
  0.888
  0.954
  0.947
  0.942
  0.946
  0.954
  0.920
  0.934
  0.946
  0.934
  0.960
  0.949
  0.934
  0.937
  0.974
  0.960
  0.947
  0.955
  0.982
  0.999
  1.021
  1.011
  1.030
  0.972
  0.965
  0.966
  0.961
  0.983
  0.983
  0.993
  1.010
  1.018
  1.009
  1.010
  1.004
  0.995
  0.976
  1.002
  0.996
  0.977
  0.997
  0.990
  0.974
  0.984
  1.004
  0.984
  0.961
  0.964
  0.962
  0.971
  0.961
  0.951
  0.960
  0.981
  0.989
  0.975
  0.999
  0.988
  0.977
  0.983
  0.983
  0.994
  1.003
  1.019
  1.004
  1.023
  1.040
  1.049
  1.019
  1.018
  1.019
  1.007
  1.011
  0.969
  0.990
  0.989
  0.980
  0.963
  0.940
  0.954
  0.939
  0.958
  0.963
  0.971
  0.946
  0.930
  0.930
  0.936
  0.940
  0.935
  0.927
  0.944
  0.957
  0.963
  0.973
  0.962
  0.974
  0.988
  0.976
  0.979
  0.969
  1.007
  0.991
  0.998
  0.987
  0.973
  0.966
  0.963
  0.971
  0.972
  0.989
  1.016
  0.985
  0.985
  0.967
  0.964
  0.970
  0.988
  0.974
  0.977
  0.965
  0.955
  0.965
  0.949
  0.966
  0.962
  0.978
  0.986
  0.969
  0.977
  0.979
  0.966
  0.978
  0.998
  1.009
  0.998
  0.984
  0.985
  1.003
  1.014
  0.994
  0.998
  0.990
  0.979
  0.980
  0.987
  0.978
  0.959
  0.944
  0.942
  0.952
  0.941
  0.957
  0.958
  0.958
  0.968
  0.957
  0.959
  0.943
  0.967
  0.968
  0.953
  0.974
  0.971
