-9.25
-10.92
-12.97
-14.94
-16.82
-18.45
-20.35
-22.21
-23.63
-24.78
-26.33
-27.59
-28.82
-30.06
-31.35
-32.21
-32.98
-34.11
-34.59
-34.62
-34.86
-34.88
-35.01
-35.19
-35.10
-35.15
-34.54
-33.83
-33.42
-32.76
-32.35
-31.68
-31.04
-30.10
-29.38
-28.77
-27.99
-27.21
-26.73
-26.50
-26.14
-25.78
-25.43
-25.25
-25.37
-25.72
-26.09
-26.53
-26.91
-27.36
-28.09
-28.88
-29.86
-30.73
-31.46
-32.35
-33.20
-34.19
-34.68
-35.46
-35.99
-36.36
-37.13
-37.96
-38.24
-38.61
-39.23
-39.80
-39.98
-40.13
-39.98
-40.05
-39.99
-39.98
-39.68
-39.20
-38.96
-38.17
-37.34
-36.26
-35.29
-34.35
-32.78
-31.33
-29.88
-28.25
-26.58
-24.56
-22.49
-20.55
-18.84
-16.89
-14.83
-12.95
-11.17
-9.95
-8.64
-7.50
-6.49
-5.24
-4.41
-3.78
-3.61
-3.13
-3.31
-3.36
-3.79
-4.45
-5.01
-5.89
-7.01
-7.82
-9.04
-10.23
-11.29
-12.25
-13.09
-14.22
-15.25
-16.38
-17.49
-18.39
-19.29
-20.46
-21.45
-22.47
-23.68
-24.48
-26.10
-27.77
-29.21
-30.75
-32.37
-33.93
-35.32
-36.87
-38.43
-39.45
-40.84
-42.07
-43.25
-44.08
-45.45
-46.67
-47.81
-48.64
-49.24
-50.13
-51.03
-51.81
-52.73
-53.27
-54.04
-54.75
-55.56
-56.20
-56.39
-56.66
-57.05
-57.43
-57.77
-57.83
-58.07
-58.01
-57.91
-57.89
-57.94
-57.81
-57.60
-56.90
-56.20
-55.31
-54.51
-53.91
-52.78
-51.88
-50.62
-48.93
-47.34
-45.68
-43.54
-41.53
-39.64
-37.49
-35.66
-33.61
-31.55
-29.39
-27.47
-25.56
-23.53
-21.26
-19.21
-17.03
-15.18
-13.46
-11.92
-10.37
-8.70
-7.29
-5.77
-4.62
-3.33
-2.28
-1.18
-0.58
-0.01
0.53
1.28
1.84
1.84
2.01
2.10
1.92
1.53
1.09
0.30
-0.61
-1.59
-2.37
-3.34
-4.09
-4.86
-5.73
-6.45
-7.58
-8.21
-9.06
-9.89
-10.69
-11.82
-12.89
-13.90
-14.70
-15.95
-16.69
-17.48
-18.41
-19.07
-19.57
-20.05
-20.60
-21.27
-21.87
-22.23
-22.66
-22.97
-23.34
-23.71
-23.95
-24.37
-24.63
-24.57
-24.81
-24.92
-25.07
-24.67
-24.68
-24.47
-24.37
-23.99
-23.57
-23.33
-22.91
-22.40
-21.86
-21.72
-20.98
-20.41
-20.51
-20.55
-20.65
-20.46
-20.61
-20.64
-20.63
-21.09
-21.18
-21.36
-21.94
-22.66
-23.36
-24.10
-25.31
-26.19
-26.82
-27.51
-28.43
-29.21
-30.28
-31.23
-32.03
-32.40
-33.16
-33.06
-33.39
-33.58
-33.86
-33.67
-33.46
-33.03
-32.68
-31.81
-31.07
-30.50
-29.65
-28.48
-27.43
-25.95
-24.63
-23.21
-21.58
-19.69
-17.99
-16.37
-14.43
-12.82
-11.14
-9.71
-8.09
-6.35
-4.53
-3.17
-1.85
-0.45
0.99
2.00
3.41
4.74
6.05
7.08
7.92
8.67
9.49
10.03
10.84
11.24
11.98
12.67
13.11
13.39
13.87
14.42
14.48
15.18
15.48
15.65
15.90
15.96
16.27
16.31
16.87
17.36
17.89
18.33
18.61
18.91
19.24
20.00
20.39
20.69
20.88
21.52
21.96
22.26
22.68
22.80
23.40
23.31
23.57
23.68
23.95
24.23
24.07
23.83
24.01
23.70
23.07
22.84
22.53
22.36
22.33
21.93
21.64
21.29
20.84
20.57
20.19
19.64
19.53
19.51
19.41
19.58
19.05
18.92
18.71
18.21
17.85
17.22
16.83
16.79
16.49
16.18
16.04
15.84
15.48
15.16
15.00
14.49
13.95
13.15
12.86
12.92
12.82
12.49
12.58
12.15
12.03
11.96
12.20
12.10
12.51
12.35
12.16
12.28
12.55
12.66
12.51
12.02
11.84
11.34
10.57
9.64
8.80
7.82
6.67
5.09
3.39
1.51
-0.19
-1.86
-3.85
-6.00
-8.45
-10.80
-13.31
-15.36
-17.27
-19.23
-21.27
-23.24
-25.00
-26.69
-28.20
-29.51
-30.71
-31.60
-32.04
-32.59
-33.09
-33.32
-33.33
-33.20
-33.00
-32.79
-32.39
-31.52
-31.04
-30.22
-29.12
-28.35
-27.88
-27.46
-26.84
-25.89
-24.88
-23.85
-22.84
-22.07
-21.67
-21.19
-20.60
-20.22
-20.04
-19.71
-19.43
-19.41
-19.39
-19.56
-19.70
-19.89
-19.95
-20.09
-20.23
-20.57
-20.87
-21.25
-21.58
-21.96
-22.31
-22.91
-23.39
-23.94
-24.59
-25.21
-26.02
-26.52
-26.75
-27.00
-27.51
-27.63
-27.84
-27.81
-28.02
-28.24
-28.04
-27.61
-26.78
-26.03
-25.46
-24.43
-23.24
-22.12
-21.18
-20.24
-19.08
-17.82
-16.68
-15.51
-14.24
-13.17
-12.45
-12.03
-11.20
-10.79
-10.59
-10.34
-10.11
-9.58
-9.67
-9.88
-10.10
-9.81
-9.93
-9.60
-9.20
-8.67
-7.72
-6.94
-5.54
-4.25
-2.69
-1.01
0.99
3.22
5.69
8.45
11.76
14.89
18.21
21.55
25.13
28.78
31.90
35.52
38.69
41.88
44.40
47.37
49.68
51.95
54.26
55.92
57.48
58.53
59.29
59.65
59.97
59.81
58.95
57.68
56.14
54.64
52.98
50.74
48.58
46.31
43.83
41.23
39.21
37.00
34.91
33.00
30.62
28.78
27.24
25.68
24.66
23.98
23.24
22.66
22.37
22.38
22.36
22.26
22.33
22.42
22.55
22.45
22.12
21.50
21.30
20.72
19.62
18.78
18.01
17.02
15.50
13.96
12.29
10.92
9.42
7.54
5.78
4.29
2.35
0.29
-1.42
-3.26
-5.24
-7.00
-8.91
-10.59
-12.02
-13.48
-14.89
-16.03
-17.00
-17.91
-18.70
-19.09
-19.47
-20.10
-20.11
-20.14
-20.08
-20.34
-20.74
-20.78
-20.83
-20.98
-20.68
-20.55
-20.69
-21.02
-20.84
-20.79
-20.95
-21.32
-21.87
-22.34
-22.75
-22.82
-23.21
-23.67
-24.21
-24.66
-25.17
-25.75
-26.41
-26.78
-27.21
-27.86
-28.50
-28.79
-29.51
-30.08
-30.42
-30.62
-31.04
-31.52
-31.73
-32.10
-32.32
-32.60
-32.72
-32.84
-32.77
-32.62
-32.74
-32.52
-32.40
-32.40
-32.30
-31.93
-31.30
-30.63
-30.10
-29.54
-28.94
-28.42
-27.74
-26.97
-26.51
-25.67
-25.04
-24.79
-24.10
-23.61
-23.59
-23.09
-22.89
-22.66
-22.54
-22.39
-22.61
-22.47
-22.72
-22.88
-22.91
-22.86
-22.95
-23.07
-22.95
-22.66
-22.73
-22.68
-22.37
-22.46
-22.19
-22.09
-21.86
-21.52
-21.42
-21.25
-21.10
-20.93
-20.80
-20.60
-20.32
-20.12
-19.89
-19.62
-19.24
-19.04
-18.61
-18.18
-17.58
-17.23
-16.61
-15.52
-14.44
-13.65
-13.12
-12.00
-10.98
-9.84
-8.83
-7.88
-6.94
-6.19
-5.57
-5.28
-4.76
-4.45
-4.39
-4.70
-5.35
-6.17
-6.99
-7.61
-8.76
-10.05
-11.55
-12.86
-14.29
-15.89
-17.57
-19.55
-21.09
-22.75
-24.31
-25.84
-27.33
-28.28
-29.15
-29.88
-30.88
-31.63
-32.37
-32.78
-32.74
-32.81
-32.77
-32.33
-32.19
-31.94
-32.14
-31.78
-31.38
-31.22
-30.68
-30.26
-30.05
-29.88
-29.30
-28.79
-28.09
-27.04
-26.55
-26.06
-25.55
-24.73
-23.77
-22.68
-21.73
-20.88
-19.71
-18.50
-17.11
-15.60
-14.22
-12.82
-11.44
-9.53
-7.91
-6.17
-4.59
-2.47
-0.54
1.65
3.90
6.18
8.14
10.30
12.60
14.78
16.70
19.01
21.19
23.37
25.61
27.79
30.01
32.15
34.08
36.28
38.03
39.97
41.27
43.06
44.75
45.74
46.81
47.39
47.75
47.74
47.41
47.14
46.67
45.98
44.92
43.42
41.48
39.72
37.40
35.10
32.74
30.40
27.97
25.30
22.73
20.03
17.63
15.34
12.86
10.41
8.59
6.90
5.30
3.90
2.64
1.73
1.10
1.06
0.93
1.11
1.29
1.38
2.14
2.92
3.96
4.98
6.05
6.96
7.90
8.93
9.88
10.40
10.64
11.15
11.67
12.15
12.26
11.84
11.61
10.95
10.40
9.69
8.37
7.56
7.00
6.45
5.52
5.26
4.82
5.04
5.07
5.62
6.42
7.50
8.58
9.94
11.18
13.17
15.10
17.35
19.59
22.09
24.74
27.13
29.51
31.92
34.08
36.11
38.08
39.85
41.26
42.44
43.32
44.08
44.66
45.04
44.89
44.72
43.95
43.44
42.19
40.96
39.38
37.64
35.37
33.33
30.84
28.44
25.98
23.32
20.69
17.97
15.06
11.86
8.54
5.35
2.07
-1.01
-3.90
-6.94
-9.76
-12.64
-14.94
-17.40
-19.46
-21.89
-23.81
-25.53
-27.52
-28.95
-30.11
-31.41
-32.32
-33.32
-34.12
-34.85
-35.60
-36.12
-36.70
-37.04
-37.35
-37.54
-38.28
-38.59
-38.83
-38.97
-38.92
-38.72
-38.91
-38.72
-38.34
-37.83
-37.37
-37.18
-36.81
-36.70
-35.91
-35.46
-34.81
-34.44
-33.76
-33.23
-32.86
-32.20
-31.45
-30.67
-29.75
-28.77
-27.69
-26.61
-25.66
-24.48
-23.06
-22.09
-20.82
-19.33
-18.10
-16.66
-15.15
-13.59
-12.11
-10.24
-8.37
-6.70
-4.69
-2.89
-0.85
1.46
3.33
5.09
6.87
8.77
10.81
12.48
14.25
15.70
17.24
18.23
18.85
19.14
19.26
19.35
19.21
18.94
18.19
17.35
16.46
15.55
14.15
12.72
11.31
10.21
8.55
6.98
5.75
4.32
3.08
1.79
0.53
-0.82
-2.20
-3.55
-4.61
-5.42
-6.75
-7.47
-8.57
-9.43
-10.20
-10.53
-11.32
-12.31
-13.27
-14.17
-15.20
-16.18
-17.04
-18.00
-18.48
-19.49
-20.20
-20.62
-21.24
-21.76
-22.10
-22.47
-22.45
-22.10
-21.67
-21.37
-20.80
-20.08
-19.36
-18.50
-17.40
-16.49
-15.41
-14.30
-13.06
-11.90
-11.05
-9.80
-8.66
-7.57
-6.59
-5.63
-5.06
-4.73
-4.14
-3.90
-3.25
-2.59
-2.19
-1.92
-1.73
-1.90
-1.77
-1.37
-1.16
-1.11
-0.60
-0.25
0.65
1.39
2.07
3.21
4.23
5.35
6.42
7.28
8.50
10.00
11.68
13.13
14.33
15.63
17.05
18.14
19.52
20.34
20.79
21.54
22.03
21.78
21.38
20.72
19.94
19.18
17.86
16.24
14.66
12.69
10.58
8.31
6.04
3.44
1.25
-0.99
-3.53
-5.96
-8.12
-10.57
-12.64
-14.78
-16.40
-18.11
-19.52
-20.83
-21.82
-22.64
-23.21
-23.93
-24.29
-24.87
-24.80
-24.16
-23.83
-23.52
-22.74
-22.03
-21.31
-20.40
-19.52
-18.57
-17.84
-16.43
-15.48
-14.37
-13.27
-12.40
-11.36
-10.31
-9.24
-8.18
-7.39
-6.18
-5.05
-3.86
-2.91
-1.73
-0.72
0.77
2.17
3.47
4.94
6.75
8.40
9.76
11.22
12.88
14.61
16.30
18.12
19.90
21.85
23.74
25.25
26.90
28.36
29.83
30.96
31.95
32.50
33.20
33.67
33.67
33.91
33.68
33.52
32.72
32.12
31.23
30.02
29.49
28.57
27.56
26.94
26.19
25.26
24.51
24.08
23.42
23.14
22.83
22.78
22.46
22.26
21.64
21.46
21.17
20.97
20.62
20.15
19.77
19.10
18.43
17.80
16.84
16.12
15.18
14.38
13.85
13.23
12.79
12.18
11.75
11.43
11.21
11.29
11.35
11.56
12.11
12.79
13.12
13.95
14.82
15.59
16.66
17.40
18.94
19.81
20.97
21.86
23.26
24.57
25.72
26.63
27.40
28.14
28.79
29.43
30.08
30.49
30.77
30.61
30.38
30.21
30.19
29.89
29.10
28.71
27.71
26.58
25.31
24.10
23.12
21.58
19.98
18.59
17.32
16.11
14.64
13.18
11.53
10.11
8.69
7.39
5.88
4.37
3.00
1.97
1.04
-0.24
-1.40
-2.74
-3.64
-4.57
-5.39
-5.87
-6.57
-7.12
-7.70
-7.94
-8.16
-8.17
-8.22
-8.04
-7.68
-7.51
-7.37
-6.83
-5.96
-5.07
-4.50
-3.51
-2.77
-2.08
-0.82
0.26
1.40
2.58
3.65
4.43
5.56
6.75
7.65
9.03
9.94
11.14
12.08
13.27
14.56
15.71
17.08
18.45
19.48
20.46
21.62
22.67
23.84
24.66
25.62
26.87
27.69
28.69
29.72
30.69
31.69
32.91
33.43
33.78
33.96
33.95
34.06
33.92
33.56
32.85
32.11
31.06
30.06
28.90
27.48
25.82
24.00
22.30
20.51
18.35
16.11
13.80
11.73
9.53
7.08
4.59
2.24
-0.10
-2.58
-4.80
-7.28
-9.74
-11.96
-14.29
-16.46
-18.51
-20.71
-22.87
-24.61
-26.53
-28.08
-29.94
-31.58
-33.15
-34.43
-35.66
-36.81
-38.23
-39.23
-40.41
-41.51
-42.23
-42.65
-43.21
-43.27
-43.52
-43.64
-43.81
-44.07
-43.60
-43.45
-43.23
-43.00
-42.42
-41.92
-40.97
-40.33
-39.20
-38.19
-37.10
-36.05
-35.10
-34.50
-33.64
-32.95
-32.00
-31.48
-31.46
-31.02
-30.70
-30.30
-30.19
-29.92
-29.85
-29.83
-29.47
-29.67
-29.73
-29.56
-29.07
-28.67
-28.00
-27.27
-26.41
-25.56
-24.10
-22.38
-21.22
-19.58
-18.07
-16.80
-14.87
-13.42
-11.89
-10.62
-9.07
-7.89
-6.94
-6.22
-5.44
-5.14
-4.99
-5.04
-5.51
-5.99
-6.76
-7.80
-8.77
-9.69
-10.58
-11.82
-13.24
-14.29
-15.25
-16.57
-17.55
-18.46
-19.05
-19.49
-19.97
-19.93
-20.03
-20.05
-19.69
-19.04
-19.00
-18.47
-17.49
-16.32
-14.67
-13.34
-11.99
-10.26
-8.72
-6.91
-4.95
-3.19
-1.07
0.78
2.55
4.35
5.92
7.58
9.21
10.72
12.17
13.44
14.83
15.68
17.11
18.26
19.00
19.98
20.69
21.24
21.30
21.61
21.47
21.93
21.95
22.38
22.42
22.17
22.23
22.33
22.41
22.43
22.58
22.66
22.95
23.37
23.74
24.04
24.27
24.31
24.70
24.72
24.47
23.95
23.63
23.18
22.49
21.73
20.95
19.91
18.75
17.30
15.93
14.15
12.30
10.59
9.02
7.92
6.55
5.03
3.69
2.57
1.54
0.52
-0.04
-0.60
-0.99
-1.25
-1.51
-1.43
-1.17
-0.81
-0.25
0.21
0.93
1.22
1.84
2.53
3.34
3.80
4.55
5.32
5.97
6.65
7.45
8.01
8.27
8.85
9.10
9.24
9.57
10.17
10.58
10.71
10.98
10.86
11.18
11.70
11.47
11.89
12.25
12.30
12.82
13.46
14.03
15.22
16.15
16.97
17.75
19.12
20.04
21.29
22.55
23.91
25.35
26.33
27.62
28.85
29.84
30.79
31.26
31.62
31.42
30.89
30.10
29.02
27.36
25.54
23.56
21.23
19.02
16.20
12.94
9.79
6.43
3.00
-0.66
-4.11
-7.54
-11.15
-14.31
-17.19
-20.38
-23.06
-25.59
-27.94
-30.25
-32.44
-34.40
-35.99
-37.55
-38.91
-40.00
-41.12
-42.15
-43.09
-44.01
-44.78
-44.95
-45.49
-45.65
-46.05
-46.41
-46.70
-46.80
-46.78
-47.11
-47.09
-47.06
-47.32
-47.24
-47.03
-47.04
-47.09
-46.97
-46.98
-46.48
-46.16
-45.72
-45.23
-44.63
-44.03
-43.65
-43.17
-42.53
-41.55
-40.94
-39.74
-38.97
-38.02
-36.66
-35.52
-34.48
-33.31
-31.74
-30.35
-29.01
-27.48
-25.82
-24.27
-22.93
-21.53
-19.88
-18.09
-16.61
-15.06
-13.73
-12.14
-10.49
-9.03
-7.59
-6.19
-5.37
-3.75
-2.34
-1.41
-0.41
0.55
1.60
2.28
2.90
3.69
4.32
5.02
5.33
5.78
5.55
5.73
5.53
5.29
5.47
5.25
5.15
4.86
4.72
4.25
3.64
3.13
2.37
2.25
1.65
1.19
0.77
0.25
0.10
-0.07
-0.78
-1.57
-2.07
-3.05
-3.71
-3.87
-4.08
-4.88
-5.18
-5.76
-6.01
-6.46
-5.95
-5.79
-5.47
-4.85
-4.65
-4.08
-3.20
-2.34
-0.93
0.23
1.45
2.73
3.79
5.28
6.60
7.85
9.34
10.77
12.38
13.49
14.91
16.47
17.70
18.69
19.61
20.34
21.51
21.94
22.71
23.29
23.74
24.46
24.72
25.20
25.45
26.08
26.45
26.60
27.15
27.83
28.08
28.18
28.54
28.43
28.38
28.20
28.07
27.40
26.49
25.41
23.71
22.40
20.99
19.28
17.58
15.64
13.53
11.84
10.02
8.39
6.56
4.74
2.63
0.80
-0.82
-2.06
-3.73
-5.54
-6.98
-8.30
-9.82
-11.40
-12.97
-14.40
-15.98
-17.69
-19.42
-20.99
-22.51
-23.86
-25.96
-28.00
-30.16
-31.86
-33.99
-35.92
-37.85
-39.68
-41.22
-43.01
-44.81
-46.49
-48.18
-49.57
-50.77
-51.91
-52.83
-53.62
-54.17
-54.95
-55.34
-55.74
-55.77
-55.49
-54.75
-54.11
-53.23
-52.86
-51.75
-50.87
-49.79
-48.68
-47.34
-45.93
-44.26
-42.41
-40.76
-39.14
-37.35
-35.53
-33.82
-32.15
-30.41
-28.86
-27.07
-25.98
-24.71
-23.30
-22.03
-20.92
-20.03
-19.35
-18.65
-18.07
-17.70
-17.27
-16.94
-16.80
-16.67
-16.41
-16.05
-15.82
-15.71
-15.35
-15.34
-15.31
-15.24
-15.09
-15.50
-15.85
-16.10
-16.24
-16.81
-17.23
-17.61
-18.31
-19.38
-20.34
-21.00
-21.84
-23.02
-23.72
-24.74
-25.32
-26.44
-27.14
-27.97
-28.64
-29.40
-29.91
-30.44
-30.48
-31.25
-31.31
-31.56
-31.78
-31.99
-31.91
-32.00
-32.06
-31.95
-32.29
-32.55
-32.80
-32.68
-32.96
-33.40
-33.91
-33.82
-33.91
-33.98
-34.46
-34.86
-35.18
-35.38
-35.61
-35.48
-35.42
-35.37
-35.29
-34.89
-34.57
-33.91
-33.29
-32.47
-32.06
-31.33
-30.24
-29.72
-29.01
-28.27
-27.18
-26.19
-25.25
-24.05
-22.72
-21.86
-20.52
-19.59
-18.21
-17.29
-15.89
-14.76
-13.35
-12.09
-11.26
-9.77
-8.52
-7.12
-5.78
-4.56
-3.15
-2.02
-0.86
0.27
1.40
2.56
4.00
5.14
6.35
7.04
8.00
8.80
9.52
10.60
11.45
12.51
12.92
13.96
15.10
16.21
16.96
17.88
18.83
19.87
20.73
21.31
22.53
23.73
25.16
26.16
27.30
28.18
28.86
29.64
30.19
30.53
30.68
31.01
31.17
31.05
30.81
30.15
29.61
28.68
27.96
27.04
26.13
24.89
23.71
22.44
21.00
19.78
18.30
17.08
15.97
15.00
14.00
13.41
12.31
11.80
11.32
10.78
10.56
10.72
10.84
11.11
11.69
12.51
13.14
13.88
14.51
15.42
16.27
16.97
17.58
17.83
18.17
18.54
18.24
17.96
17.88
17.65
17.34
16.80
15.79
15.00
13.84
12.85
11.40
10.25
8.89
7.48
5.89
4.27
2.25
0.63
-1.08
-2.67
-4.33
-6.01
-7.31
-8.97
-10.36
-11.47
-12.91
-13.90
-15.49
-16.72
-18.37
-19.34
-20.48
-20.90
-22.06
-22.87
-23.27
-23.76
-24.45
-24.76
-25.17
-25.57
-25.71
-25.56
-25.39
-25.40
-25.41
-25.20
-25.05
-25.00
-24.86
-24.70
-24.93
-24.80
-25.29
-25.59
-25.99
-26.15
-26.69
-27.36
-27.69
-27.90
-28.14
-28.87
-29.67
-30.22
-30.83
-31.84
-32.38
-33.24
-34.63
-35.74
-36.60
-37.59
-38.56
-39.48
-40.43
-41.10
-41.65
-42.09
-42.78
-43.30
-43.32
-43.27
-42.97
-42.20
-41.47
-40.11
-38.67
-36.86
-34.81
-32.44
-29.90
-27.13
-24.34
-21.41
-18.47
-15.18
-12.38
-9.15
-6.41
-3.43
-0.51
1.91
4.62
6.65
8.61
10.17
11.67
12.81
13.76
14.11
14.03
14.03
13.78
13.53
12.69
12.01
10.99
9.65
8.64
7.08
5.54
4.43
2.84
1.48
0.06
-1.59
-3.09
-4.52
-5.65
-6.57
-7.27
-7.96
-8.81
-9.52
-10.09
-10.88
-11.51
-11.87
-12.41
-13.02
-13.65
-14.31
-14.44
-15.02
-15.47
-16.42
-17.54
-18.28
-19.16
-19.94
-20.99
-22.11
-23.15
-24.26
-25.21
-26.43
-27.72
-29.06
-29.74
-31.01
-32.44
-33.73
-34.91
-36.22
-37.16
-38.35
-38.93
-39.58
-40.26
-40.98
-41.43
-41.67
-41.47
-41.37
-41.11
-40.44
-39.98
-39.38
-38.49
-37.50
-36.62
-35.43
-33.94
-32.64
-30.79
-28.94
-27.24
-25.60
-23.86
-22.04
-20.30
-18.43
-16.97
-15.58
-14.05
-12.80
-11.68
-10.85
-9.86
-8.95
-8.23
-7.93
-7.71
-7.75
-7.55
-7.34
-7.30
-7.54
-7.66
-7.81
-7.83
-8.25
-8.26
-8.39
-8.62
-8.19
-8.39
-8.27
-8.23
-8.43
-8.47
-8.60
-8.88
-9.18
-9.64
-10.13
-10.69
-11.28
-11.99
-13.29
-14.25
-15.77
-17.32
-18.88
-20.14
-21.46
-23.02
-24.79
-26.29
-27.83
-29.29
-30.88
-32.21
-33.83
-35.33
-36.68
-38.02
-39.13
-40.19
-40.97
-41.53
-42.09
-42.49
-43.04
-43.13
-43.13
-43.07
-42.68
-41.90
-41.45
-40.67
-39.92
-38.67
-37.14
-35.87
-34.21
-32.56
-30.84
-29.02
-27.03
-25.16
-22.84
-20.57
-18.08
-15.55
-13.52
-11.51
-9.20
-7.05
-5.04
-3.16
-1.26
1.01
2.93
4.74
6.85
8.42
9.89
11.46
12.70
13.96
15.07
16.14
17.28
17.98
18.63
19.32
20.00
20.59
21.08
21.61
22.07
22.36
22.29
22.34
22.02
22.12
21.99
21.75
21.34
20.60
20.31
19.48
18.28
17.27
16.33
15.34
13.98
12.66
11.31
10.05
8.60
7.40
6.13
4.64
3.24
2.29
1.10
0.01
-0.97
-1.52
-1.83
-2.30
-2.17
-2.26
-1.64
-1.38
-0.86
-0.44
0.21
0.70
1.42
2.30
2.82
3.27
3.83
4.20
4.81
4.86
4.80
5.00
4.72
4.20
3.44
2.48
1.44
0.23
-1.41
-3.01
-4.38
-5.77
-7.35
-9.12
-10.58
-11.83
-13.24
-14.61
-15.71
-16.94
-17.95
-19.12
-19.82
-20.24
-20.82
-21.31
-21.45
-21.73
-21.70
-21.72
-21.40
-21.13
-20.82
-20.57
-20.09
-19.87
-19.24
-19.50
-18.97
-18.81
-18.49
-17.94
-17.83
-17.42
-17.26
-16.88
-16.62
-16.10
-16.08
-16.22
-16.22
-16.41
-16.75
-17.04
-17.10
-16.89
-16.82
-16.90
-17.08
-16.85
-16.77
-16.66
-16.51
-16.35
-15.97
-15.01
-14.44
-13.36
-12.40
-11.56
-10.30
-9.03
-7.45
-5.47
-3.55
-1.43
0.91
3.11
5.37
8.03
10.80
13.82
16.48
19.16
21.92
24.54
26.69
28.90
31.18
33.65
36.06
37.75
39.13
40.59
42.08
43.07
43.93
44.50
45.03
44.98
45.11
45.19
44.67
44.45
43.99
43.38
42.87
42.33
41.69
40.80
40.13
39.11
38.36
37.54
36.26
35.33
34.42
33.43
32.34
31.44
30.15
29.36
28.40
27.65
26.91
26.09
25.20
24.60
24.05
23.40
22.79
22.60
22.42
21.81
21.37
20.67
20.58
20.39
20.37
20.11
19.68
19.78
20.05
19.91
19.60
19.53
19.31
18.99
18.80
18.84
18.95
18.90
18.26
18.04
17.66
17.58
17.09
16.63
15.76
14.95
13.86
12.51
11.55
10.63
9.72
8.73
7.74
6.71
5.72
5.00
4.07
3.04
2.29
1.68
1.19
1.04
0.35
-0.01
-0.47
-0.90
-1.05
-1.63
-1.92
-2.53
-2.93
-3.32
-4.05
-4.66
-5.28
-6.05
-6.89
-7.66
-8.82
-10.03
-10.98
-11.78
-12.91
-13.92
-14.96
-15.43
-16.19
-17.18
-17.82
-18.45
-18.72
-19.35
-19.68
-19.47
-19.31
-18.94
-18.62
-17.85
-17.21
-16.92
-16.11
-15.47
-14.39
-13.71
-12.99
-12.46
-11.99
-11.48
-10.86
-10.43
-10.09
-9.89
-10.02
-9.92
-10.07
-9.97
-10.35
-10.52
-10.67
-11.42
-12.02
-12.35
-12.49
-12.69
-12.68
-12.83
-12.74
-12.68
-12.64
-12.34
-11.99
-11.50
-10.56
-9.50
-8.41
-6.91
-5.35
-4.04
-2.49
-0.83
1.09
2.37
4.29
6.00
7.81
9.35
11.16
12.66
13.64
14.78
15.81
16.77
17.44
17.81
17.97
18.05
17.96
17.74
17.57
17.40
16.70
16.01
15.66
15.10
14.68
14.56
13.89
13.75
13.53
13.84
13.79
14.27
14.74
15.60
16.46
17.35
18.64
19.51
20.30
21.44
22.55
23.77
24.60
25.24
26.11
26.78
27.40
27.64
27.88
28.25
28.02
28.08
27.97
28.02
27.78
27.70
27.62
27.31
27.20
27.17
27.07
27.58
27.97
28.06
28.36
28.65
29.12
29.30
29.67
29.82
30.32
30.41
30.67
30.86
31.22
31.21
31.45
31.79
31.78
31.93
32.22
32.61
32.55
32.59
32.76
33.21
33.16
33.38
33.73
34.26
34.32
34.43
34.86
35.72
36.11
36.63
36.82
37.13
37.54
37.86
38.20
38.34
38.44
38.72
38.32
38.41
38.62
38.58
38.49
38.33
38.30
37.84
38.00
37.95
37.93
37.80
37.98
38.11
38.18
38.33
38.66
39.01
39.47
39.75
40.16
40.89
41.47
41.91
42.65
43.34
43.81
44.33
44.77
45.40
46.29
46.80
46.89
47.12
47.62
47.51
47.87
47.79
47.41
47.05
46.88
46.31
45.98
45.68
45.23
44.34
43.89
43.41
42.85
42.05
41.11
40.09
39.71
39.41
39.06
38.80
38.53
38.05
37.66
37.43
37.32
37.08
37.18
37.16
37.19
36.65
36.49
36.41
36.00
35.53
35.09
34.66
34.02
33.60
33.03
32.44
31.95
31.28
30.57
29.97
29.17
28.34
27.33
26.11
25.33
24.23
23.45
22.39
21.56
20.80
20.21
19.42
19.03
18.69
18.40
18.59
18.72
18.96
19.04
18.91
19.37
20.00
20.42
21.14
22.00
22.43
23.07
23.67
24.27
25.19
25.85
26.79
27.40
28.12
28.77
29.51
29.87
30.10
30.65
30.67
30.59
30.76
30.63
30.79
30.70
30.87
30.43
30.28
30.25
29.75
29.68
29.70
29.75
29.84
30.07
30.31
30.35
30.87
31.30
31.49
32.11
32.63
32.62
32.60
32.40
32.21
32.41
31.79
31.28
30.56
29.85
28.47
27.55
26.64
25.56
24.72
23.43
22.01
20.86
20.14
19.16
17.87
17.00
16.21
15.58
15.64
15.36
15.07
14.95
14.92
15.16
15.41
16.23
17.12
18.15
18.98
19.78
20.68
21.12
21.78
22.23
23.11
23.85
24.43
24.95
25.12
25.29
25.78
26.04
25.82
25.46
25.54
25.30
24.81
24.25
