1.000000 0.000000 0.000000
0.000000 1.000000 0.000000
0.000000 0.000000 1.000000
1.500000 0.500000 -1.500000
1.500000 2.500000 1.500000
3.000000 -1.000000 2.000000
6.000000 2.000000 2.000000 Ir
4.000000 -0.000000 2.000000 Ru
1.500000 1.500000 0.500000 Ir
2.000000 2.000000 1.000000 Ir
1.000000 0.000000 0.000000 Ru
1.500000 0.500000 0.500000 Ru
2.000000 1.000000 1.000000 Ir
2.500000 1.500000 1.500000 Ir
3.000000 2.000000 2.000000 Ir
2.000000 -0.000000 1.000000 Ru
2.500000 0.500000 1.500000 Ru
3.000000 1.000000 2.000000 Ru
3.500000 1.500000 2.500000 Ir
2.500000 -0.500000 1.500000 Ru
3.000000 0.000000 2.000000 Ru
3.500000 0.500000 2.500000 Ir
4.000000 1.000000 3.000000 Ru
5.000000 1.000000 2.000000 Ir
2.500000 2.500000 0.500000 Ir
1.500000 0.500000 -0.500000 Ru
2.000000 1.000000 0.000000 Ru
2.500000 1.500000 0.500000 Ru
3.000000 2.000000 1.000000 Ru
2.000000 0.000000 0.000000 Ru
2.500000 0.500000 0.500000 Ir
3.000000 1.000000 1.000000 Ru
3.500000 1.500000 1.500000 Ir
4.000000 2.000000 2.000000 Ru
3.000000 -0.000000 1.000000 Ir
3.500000 0.500000 1.500000 Ir
4.000000 1.000000 2.000000 Ir
4.500000 1.500000 2.500000 Ir
3.500000 -0.500000 1.500000 Ru
2.000000 1.000000 -1.000000 Ir
2.500000 1.500000 -0.500000 Ru
3.000000 2.000000 -0.000000 Ru
3.500000 2.500000 0.500000 Ir
2.500000 0.500000 -0.500000 Ru
3.000000 1.000000 -0.000000 Ru
3.500000 1.500000 0.500000 Ir
4.000000 2.000000 1.000000 Ir
3.000000 -0.000000 0.000000 Ir
3.500000 0.500000 0.500000 Ru
4.000000 1.000000 1.000000 Ir
4.500000 1.500000 1.500000 Ir
5.000000 2.000000 2.000000 Ru
4.000000 -0.000000 1.000000 Ru
4.500000 0.500000 1.500000 Ir
