-.38792413E+03
-.38802066E+03
-.38810322E+03
-.38817294E+03
-.38822851E+03
-.38827120E+03
-.38830038E+03
-.38831593E+03
-.38831842E+03
-.38830745E+03
-.38828322E+03
-.38824785E+03
-.38820141E+03
-.38814422E+03
-.38807968E+03
-.38800868E+03
-.38793079E+03
-.38784903E+03
-.38776382E+03
-.38767770E+03
-.38759319E+03
-.38750979E+03
-.38742776E+03
-.38734935E+03
-.38727523E+03
-.38720334E+03
-.38713327E+03
-.38706550E+03
-.38699976E+03
-.38693477E+03
-.38687032E+03
-.38680577E+03
-.38673972E+03
-.38667170E+03
-.38660006E+03
-.38652318E+03
-.38644141E+03
-.38635401E+03
-.38626069E+03
-.38615894E+03
-.38604890E+03
-.38593219E+03
-.38580913E+03
-.38568049E+03
-.38554400E+03
-.38539977E+03
-.38524779E+03
-.38508921E+03
-.38492332E+03
-.38475340E+03
-.38458069E+03
-.38440354E+03
-.38422425E+03
-.38404195E+03
-.38385534E+03
-.38366829E+03
-.38348021E+03
-.38329225E+03
-.38310783E+03
-.38292485E+03
-.38274618E+03
-.38257197E+03
-.38240641E+03
-.38224890E+03
-.38210130E+03
-.38196327E+03
-.38183660E+03
-.38172508E+03
-.38162996E+03
-.38155091E+03
-.38149077E+03
-.38145100E+03
-.38143260E+03
-.38143487E+03
-.38145829E+03
-.38150342E+03
-.38156683E+03
-.38164638E+03
-.38174095E+03
-.38184780E+03
-.38196325E+03
-.38208337E+03
-.38220396E+03
-.38232090E+03
-.38243052E+03
-.38252795E+03
-.38261305E+03
-.38268139E+03
-.38273200E+03
-.38276311E+03
-.38277325E+03
-.38276427E+03
-.38274046E+03
-.38270304E+03
-.38265193E+03
-.38258842E+03
-.38251529E+03
-.38243798E+03
-.38235784E+03
-.38227909E+03
-.38220443E+03
-.38213391E+03
-.38207088E+03
-.38201557E+03
-.38197025E+03
-.38193682E+03
-.38191639E+03
-.38190894E+03
-.38191602E+03
-.38193722E+03
-.38197209E+03
-.38201941E+03
-.38207948E+03
-.38215284E+03
-.38223715E+03
-.38233259E+03
-.38243504E+03
-.38254287E+03
-.38265551E+03
-.38277255E+03
-.38289084E+03
-.38300877E+03
-.38312402E+03
-.38323335E+03
-.38333511E+03
-.38342683E+03
-.38350694E+03
-.38357329E+03
-.38362235E+03
-.38365283E+03
-.38366454E+03
-.38365688E+03
-.38362637E+03
-.38357449E+03
-.38350304E+03
-.38340873E+03
-.38329516E+03
-.38316507E+03
-.38302100E+03
-.38286357E+03
-.38269728E+03
-.38252299E+03
-.38234371E+03
-.38216401E+03
-.38198540E+03
-.38181054E+03
-.38164246E+03
-.38147900E+03
-.38132294E+03
-.38117422E+03
-.38103463E+03
-.38090498E+03
-.38078422E+03
-.38067122E+03
-.38056453E+03
-.38046493E+03
-.38037314E+03
-.38028861E+03
-.38021218E+03
-.38014482E+03
-.38008769E+03
-.38004085E+03
-.38000302E+03
-.37997357E+03
-.37995180E+03
-.37993555E+03
-.37992467E+03
-.37991853E+03
-.37991758E+03
-.37992339E+03
-.37993529E+03
-.37995333E+03
-.37997692E+03
-.38000412E+03
-.38003548E+03
-.38007245E+03
-.38011308E+03
-.38015571E+03
-.38020207E+03
-.38025167E+03
-.38030276E+03
-.38035629E+03
-.38041161E+03
-.38046766E+03
-.38052624E+03
-.38058584E+03
-.38064770E+03
-.38071041E+03
-.38077394E+03
-.38083610E+03
-.38089529E+03
-.38095067E+03
-.38100275E+03
-.38105399E+03
-.38110209E+03
-.38114718E+03
-.38118771E+03
-.38122442E+03
-.38125978E+03
-.38129454E+03
-.38132902E+03
-.38136561E+03
-.38140325E+03
-.38144577E+03
-.38149367E+03
-.38154851E+03
-.38160801E+03
-.38167286E+03
-.38174459E+03
-.38182469E+03
-.38191334E+03
-.38200902E+03
-.38210976E+03
-.38221499E+03
-.38232324E+03
-.38243415E+03
-.38254552E+03
-.38265697E+03
-.38276667E+03
-.38287379E+03
-.38297717E+03
-.38307452E+03
-.38316526E+03
-.38324908E+03
-.38332550E+03
-.38339543E+03
-.38345665E+03
-.38350738E+03
-.38354990E+03
-.38358416E+03
-.38360913E+03
-.38362527E+03
-.38363313E+03
-.38363284E+03
-.38362442E+03
-.38360983E+03
-.38359016E+03
-.38356649E+03
-.38353755E+03
-.38350600E+03
-.38347207E+03
-.38343490E+03
-.38339200E+03
-.38334603E+03
-.38329609E+03
-.38324165E+03
-.38318311E+03
-.38312102E+03
-.38305336E+03
-.38297742E+03
-.38289238E+03
-.38279746E+03
-.38269152E+03
-.38257350E+03
-.38244537E+03
-.38230922E+03
-.38216270E+03
-.38200685E+03
-.38184465E+03
-.38167758E+03
-.38150910E+03
-.38134371E+03
-.38118393E+03
-.38103008E+03
-.38088546E+03
-.38075327E+03
-.38063924E+03
-.38054331E+03
-.38047069E+03
-.38042434E+03
-.38040531E+03
-.38041343E+03
-.38045035E+03
-.38051672E+03
-.38061209E+03
-.38073656E+03
-.38088532E+03
-.38105695E+03
-.38124769E+03
-.38145333E+03
-.38167531E+03
-.38190666E+03
-.38214458E+03
-.38238510E+03
-.38262386E+03
-.38285833E+03
-.38308716E+03
-.38330701E+03
-.38351636E+03
-.38371344E+03
-.38389881E+03
-.38407080E+03
-.38422821E+03
-.38437502E+03
-.38451045E+03
-.38463532E+03
-.38475039E+03
-.38485466E+03
-.38494859E+03
-.38503228E+03
-.38511057E+03
-.38518170E+03
-.38524802E+03
-.38531066E+03
-.38537161E+03
-.38543040E+03
-.38548628E+03
-.38554184E+03
-.38559742E+03
-.38565288E+03
-.38570794E+03
-.38576290E+03
-.38581751E+03
-.38587303E+03
-.38593071E+03
-.38598850E+03
-.38604611E+03
-.38610282E+03
-.38616127E+03
-.38622071E+03
-.38628025E+03
-.38634109E+03
-.38640187E+03
-.38646100E+03
-.38651614E+03
-.38656642E+03
-.38661204E+03
-.38665225E+03
-.38668760E+03
-.38671572E+03
-.38673427E+03
-.38674086E+03
-.38673449E+03
-.38671434E+03
-.38667919E+03
-.38662671E+03
-.38655686E+03
-.38646965E+03
-.38636447E+03
-.38624173E+03
-.38610262E+03
-.38594535E+03
-.38576904E+03
-.38557604E+03
-.38536927E+03
-.38515224E+03
-.38492489E+03
-.38469256E+03
-.38445923E+03
-.38422907E+03
-.38400558E+03
-.38379196E+03
-.38359316E+03
-.38341263E+03
-.38325415E+03
-.38311802E+03
-.38301018E+03
-.38293121E+03
-.38288326E+03
-.38286566E+03
-.38287804E+03
-.38292076E+03
-.38299104E+03
-.38308678E+03
-.38320506E+03
-.38334127E+03
-.38349036E+03
-.38364646E+03
-.38380747E+03
-.38396844E+03
-.38412599E+03
-.38427730E+03
-.38441798E+03
-.38454288E+03
-.38464931E+03
-.38473738E+03
-.38480566E+03
-.38485533E+03
-.38488519E+03
-.38489565E+03
-.38488783E+03
-.38486503E+03
-.38482956E+03
-.38478566E+03
-.38473448E+03
-.38467770E+03
-.38461629E+03
-.38455299E+03
-.38449042E+03
-.38442941E+03
-.38437192E+03
-.38431983E+03
-.38427478E+03
-.38423597E+03
-.38420277E+03
-.38417613E+03
-.38415479E+03
-.38413771E+03
-.38412344E+03
-.38411308E+03
-.38410465E+03
-.38409684E+03
-.38408781E+03
-.38407785E+03
-.38406595E+03
-.38405240E+03
-.38403417E+03
-.38401130E+03
-.38398256E+03
-.38394905E+03
-.38390876E+03
-.38386222E+03
-.38380957E+03
-.38375027E+03
-.38368422E+03
-.38360996E+03
-.38352699E+03
-.38343627E+03
-.38333977E+03
-.38323835E+03
-.38313135E+03
-.38301826E+03
-.38290228E+03
-.38278470E+03
-.38266788E+03
-.38255230E+03
-.38244019E+03
-.38233317E+03
-.38223414E+03
-.38214542E+03
-.38206734E+03
-.38200086E+03
-.38194879E+03
-.38190993E+03
-.38188439E+03
-.38187209E+03
-.38187380E+03
-.38188918E+03
-.38191890E+03
-.38196067E+03
-.38201413E+03
-.38207564E+03
-.38214621E+03
-.38222343E+03
-.38230627E+03
-.38239361E+03
-.38248187E+03
-.38257326E+03
-.38266704E+03
-.38276336E+03
-.38286065E+03
-.38295784E+03
-.38305669E+03
-.38315491E+03
-.38325279E+03
-.38335167E+03
-.38345385E+03
-.38356058E+03
-.38367007E+03
-.38378205E+03
-.38389703E+03
-.38401492E+03
-.38413649E+03
-.38426069E+03
-.38438750E+03
-.38451613E+03
-.38464542E+03
-.38477562E+03
-.38490546E+03
-.38503205E+03
-.38515210E+03
-.38526503E+03
-.38537001E+03
-.38546491E+03
-.38554877E+03
-.38561902E+03
-.38567484E+03
-.38571675E+03
-.38574423E+03
-.38575808E+03
-.38575665E+03
-.38574080E+03
-.38571061E+03
-.38566606E+03
-.38560811E+03
-.38553648E+03
-.38545171E+03
-.38535461E+03
-.38524609E+03
-.38512674E+03
-.38499810E+03
-.38486226E+03
-.38471928E+03
-.38457005E+03
-.38441780E+03
-.38426393E+03
-.38411042E+03
-.38395792E+03
-.38380887E+03
-.38366617E+03
-.38352974E+03
-.38340246E+03
-.38328444E+03
-.38317738E+03
-.38308204E+03
-.38299875E+03
-.38292845E+03
-.38287007E+03
-.38282318E+03
-.38278786E+03
-.38276072E+03
-.38274219E+03
-.38273240E+03
-.38273179E+03
-.38273930E+03
-.38275582E+03
-.38277694E+03
-.38279998E+03
-.38282204E+03
-.38284407E+03
-.38286593E+03
-.38288511E+03
-.38290093E+03
-.38291252E+03
-.38291802E+03
-.38291897E+03
-.38291316E+03
-.38290013E+03
-.38287794E+03
-.38284687E+03
-.38280609E+03
-.38275633E+03
-.38269669E+03
-.38262862E+03
-.38255481E+03
-.38247643E+03
-.38239806E+03
-.38232179E+03
-.38225047E+03
-.38218764E+03
-.38213642E+03
-.38209987E+03
-.38208298E+03
-.38209111E+03
-.38212527E+03
-.38218731E+03
-.38227784E+03
-.38239705E+03
-.38254558E+03
-.38272448E+03
-.38293113E+03
-.38316164E+03
-.38341308E+03
-.38368175E+03
-.38396234E+03
-.38424979E+03
-.38454176E+03
-.38483266E+03
-.38511728E+03
-.38539033E+03
-.38564548E+03
-.38588077E+03
-.38609175E+03
-.38627619E+03
-.38643340E+03
-.38656245E+03
-.38665990E+03
-.38672726E+03
-.38676178E+03
-.38676205E+03
-.38673079E+03
-.38666995E+03
-.38658035E+03
-.38646376E+03
-.38632268E+03
-.38615876E+03
-.38597309E+03
-.38576867E+03
-.38554750E+03
-.38531210E+03
-.38506695E+03
-.38481462E+03
-.38455538E+03
-.38429336E+03
-.38403049E+03
-.38377000E+03
-.38351430E+03
-.38326593E+03
-.38302958E+03
-.38280702E+03
-.38260197E+03
-.38241775E+03
-.38225513E+03
-.38211718E+03
-.38200608E+03
-.38192429E+03
-.38187343E+03
-.38185206E+03
-.38186354E+03
-.38190938E+03
-.38198922E+03
-.38210248E+03
-.38224722E+03
-.38242076E+03
-.38262003E+03
-.38284358E+03
-.38308768E+03
-.38334584E+03
-.38361358E+03
-.38388594E+03
-.38415669E+03
-.38441831E+03
-.38466600E+03
-.38489345E+03
-.38509418E+03
-.38526534E+03
-.38540070E+03
-.38549624E+03
-.38555338E+03
-.38556962E+03
-.38554429E+03
-.38547892E+03
-.38537754E+03
-.38524582E+03
-.38508759E+03
-.38491078E+03
-.38472109E+03
-.38452387E+03
-.38432655E+03
-.38413463E+03
-.38395276E+03
-.38378336E+03
-.38363065E+03
-.38349793E+03
-.38338702E+03
-.38329770E+03
-.38323114E+03
-.38318846E+03
-.38316990E+03
-.38317256E+03
-.38319556E+03
-.38323960E+03
-.38330230E+03
-.38337986E+03
-.38347174E+03
-.38357516E+03
-.38368808E+03
-.38380699E+03
-.38392977E+03
-.38405559E+03
-.38418233E+03
-.38430703E+03
-.38442909E+03
-.38454811E+03
-.38466216E+03
-.38476912E+03
-.38486742E+03
-.38495629E+03
-.38503378E+03
-.38510054E+03
-.38515497E+03
-.38519658E+03
-.38522230E+03
-.38523153E+03
-.38522080E+03
-.38519041E+03
-.38513933E+03
-.38506783E+03
-.38497623E+03
-.38486591E+03
-.38473505E+03
-.38458536E+03
-.38441884E+03
-.38423867E+03
-.38404714E+03
-.38384966E+03
-.38364859E+03
-.38344894E+03
-.38325323E+03
-.38306590E+03
-.38289111E+03
-.38273171E+03
-.38259003E+03
-.38246875E+03
-.38236950E+03
-.38229128E+03
-.38223848E+03
-.38220969E+03
-.38220159E+03
-.38221244E+03
-.38224037E+03
-.38228541E+03
-.38234364E+03
-.38241390E+03
-.38249371E+03
-.38258023E+03
-.38266845E+03
-.38275808E+03
-.38284824E+03
-.38293580E+03
-.38301719E+03
-.38309105E+03
-.38315635E+03
-.38321017E+03
-.38325297E+03
-.38328231E+03
-.38329829E+03
-.38330348E+03
-.38329664E+03
-.38327663E+03
-.38324409E+03
-.38320152E+03
-.38315023E+03
-.38309208E+03
-.38302837E+03
-.38296165E+03
-.38289436E+03
-.38283086E+03
-.38277265E+03
-.38271992E+03
-.38267474E+03
-.38263917E+03
-.38261357E+03
-.38259834E+03
-.38259369E+03
-.38260066E+03
-.38261905E+03
-.38264629E+03
-.38268023E+03
-.38271928E+03
-.38276184E+03
-.38280905E+03
-.38285541E+03
-.38289631E+03
-.38292978E+03
-.38295346E+03
-.38296565E+03
-.38296367E+03
-.38294835E+03
-.38291970E+03
-.38287909E+03
-.38282496E+03
-.38275769E+03
-.38268252E+03
-.38260147E+03
-.38251579E+03
-.38242855E+03
-.38234177E+03
-.38225660E+03
-.38217679E+03
-.38210229E+03
-.38203691E+03
-.38198213E+03
-.38193741E+03
-.38190028E+03
-.38186826E+03
-.38183991E+03
-.38181536E+03
-.38179297E+03
-.38177102E+03
-.38174602E+03
-.38171817E+03
-.38168677E+03
-.38164964E+03
-.38160372E+03
-.38155000E+03
-.38148795E+03
-.38141823E+03
-.38134262E+03
-.38126167E+03
-.38117595E+03
-.38108698E+03
-.38099705E+03
-.38090766E+03
-.38082129E+03
-.38074032E+03
-.38066835E+03
-.38060717E+03
-.38055883E+03
-.38052597E+03
-.38050894E+03
-.38050942E+03
-.38052866E+03
-.38056440E+03
-.38061677E+03
-.38068422E+03
-.38076403E+03
-.38085435E+03
-.38095026E+03
-.38104596E+03
-.38113626E+03
-.38121915E+03
-.38129132E+03
-.38134816E+03
-.38138587E+03
-.38140056E+03
-.38139090E+03
-.38135734E+03
-.38130065E+03
-.38121692E+03
-.38111009E+03
-.38097997E+03
-.38083062E+03
-.38066258E+03
-.38047912E+03
-.38028472E+03
-.38008183E+03
-.37987588E+03
-.37967190E+03
-.37947351E+03
-.37928402E+03
-.37910868E+03
-.37895115E+03
-.37881475E+03
-.37870329E+03
-.37861755E+03
-.37856221E+03
-.37853898E+03
-.37855005E+03
-.37859713E+03
-.37867982E+03
-.37879833E+03
-.37895110E+03
-.37913386E+03
-.37934424E+03
-.37957981E+03
-.37983492E+03
-.38010512E+03
-.38038756E+03
-.38067841E+03
-.38097129E+03
-.38126064E+03
-.38154183E+03
-.38181045E+03
-.38206562E+03
-.38230163E+03
-.38251844E+03
-.38271182E+03
-.38287973E+03
-.38302127E+03
-.38313753E+03
-.38322956E+03
-.38329930E+03
-.38334595E+03
-.38337332E+03
-.38338488E+03
-.38338225E+03
-.38336879E+03
-.38334859E+03
-.38332397E+03
-.38330084E+03
-.38327946E+03
-.38326337E+03
-.38325664E+03
-.38326332E+03
-.38328542E+03
-.38332387E+03
-.38338081E+03
-.38345640E+03
-.38355090E+03
-.38366634E+03
-.38380099E+03
-.38395147E+03
-.38411648E+03
-.38429603E+03
-.38448799E+03
-.38468840E+03
-.38489502E+03
-.38510502E+03
-.38531422E+03
-.38551941E+03
-.38571615E+03
-.38590318E+03
-.38607565E+03
-.38623139E+03
-.38636877E+03
-.38648553E+03
-.38658178E+03
-.38665841E+03
-.38671443E+03
-.38674900E+03
-.38676238E+03
-.38675755E+03
-.38673526E+03
-.38669641E+03
-.38664210E+03
-.38657487E+03
-.38649638E+03
-.38640942E+03
-.38631306E+03
-.38620929E+03
-.38610083E+03
-.38598672E+03
-.38586979E+03
-.38574954E+03
-.38562904E+03
-.38550798E+03
-.38538669E+03
-.38526655E+03
-.38514581E+03
-.38502433E+03
-.38490406E+03
-.38478425E+03
-.38466283E+03
-.38453847E+03
-.38441173E+03
-.38428155E+03
-.38414757E+03
-.38400861E+03
-.38386385E+03
-.38371336E+03
-.38355559E+03
-.38339006E+03
-.38321733E+03
-.38303722E+03
-.38285003E+03
-.38265772E+03
-.38246350E+03
-.38226786E+03
-.38207003E+03
-.38187260E+03
-.38167866E+03
-.38149093E+03
-.38131286E+03
-.38114656E+03
-.38099518E+03
-.38085985E+03
-.38074086E+03
-.38064203E+03
-.38056643E+03
-.38051518E+03
-.38048697E+03
-.38048002E+03
-.38049659E+03
-.38053424E+03
-.38059265E+03
-.38067314E+03
-.38077182E+03
-.38088424E+03
-.38100657E+03
-.38113590E+03
-.38127243E+03
-.38141256E+03
-.38155487E+03
-.38169763E+03
-.38183955E+03
-.38197736E+03
-.38211272E+03
-.38224468E+03
-.38237285E+03
-.38250011E+03
-.38262640E+03
-.38275452E+03
-.38288293E+03
-.38301514E+03
-.38314736E+03
-.38328364E+03
-.38342738E+03
-.38357815E+03
-.38373574E+03
-.38389873E+03
-.38406876E+03
-.38424636E+03
-.38442943E+03
-.38461556E+03
-.38480517E+03
-.38499699E+03
-.38518863E+03
-.38537932E+03
-.38556518E+03
-.38574480E+03
-.38591679E+03
-.38607772E+03
-.38622424E+03
-.38635665E+03
-.38647405E+03
-.38657474E+03
-.38665679E+03
-.38671942E+03
-.38676112E+03
-.38678125E+03
-.38678056E+03
-.38676127E+03
-.38672154E+03
-.38666458E+03
-.38659079E+03
-.38650064E+03
-.38639590E+03
-.38627850E+03
-.38614899E+03
-.38601009E+03
-.38586455E+03
-.38571504E+03
-.38556466E+03
-.38541550E+03
-.38526908E+03
-.38512830E+03
-.38499442E+03
-.38486948E+03
-.38475311E+03
-.38464533E+03
-.38454464E+03
-.38445060E+03
-.38436034E+03
-.38427383E+03
-.38419054E+03
-.38410785E+03
-.38402217E+03
-.38393270E+03
-.38383735E+03
-.38373347E+03
-.38361842E+03
-.38349417E+03
-.38336191E+03
-.38322109E+03
-.38307014E+03
-.38291182E+03
-.38275041E+03
-.38258904E+03
-.38243152E+03
-.38228109E+03
-.38214038E+03
-.38200857E+03
-.38189041E+03
-.38179206E+03
-.38171344E+03
-.38165420E+03
-.38161589E+03
-.38160197E+03
-.38161135E+03
-.38163962E+03
-.38168733E+03
-.38175217E+03
-.38183159E+03
-.38192232E+03
-.38202367E+03
-.38213174E+03
-.38224174E+03
-.38235250E+03
-.38246218E+03
-.38256754E+03
-.38266684E+03
-.38275807E+03
-.38284202E+03
-.38291830E+03
-.38298673E+03
-.38305040E+03
-.38311048E+03
-.38316858E+03
-.38322580E+03
-.38328198E+03
-.38333902E+03
-.38339863E+03
-.38346338E+03
-.38353315E+03
-.38360698E+03
-.38368574E+03
-.38376798E+03
-.38385052E+03
-.38393897E+03
-.38403152E+03
-.38412632E+03
-.38422122E+03
-.38431599E+03
-.38440792E+03
-.38449597E+03
-.38457722E+03
-.38465210E+03
-.38472022E+03
-.38478067E+03
-.38483214E+03
-.38487293E+03
-.38490333E+03
-.38492277E+03
-.38493189E+03
-.38492999E+03
-.38492008E+03
-.38490146E+03
-.38487355E+03
-.38483861E+03
-.38479784E+03
-.38475360E+03
-.38470917E+03
-.38466324E+03
-.38461723E+03
-.38457385E+03
-.38453588E+03
-.38450162E+03
-.38447382E+03
-.38445279E+03
-.38443826E+03
-.38443030E+03
-.38442639E+03
-.38442685E+03
-.38443072E+03
-.38443847E+03
-.38445047E+03
-.38446617E+03
-.38448344E+03
-.38450035E+03
-.38451475E+03
-.38452430E+03
-.38452935E+03
-.38452833E+03
-.38451955E+03
-.38450247E+03
-.38447854E+03
-.38444587E+03
-.38440676E+03
-.38436115E+03
-.38431074E+03
-.38425576E+03
-.38419630E+03
-.38413361E+03
-.38406850E+03
-.38400206E+03
-.38393514E+03
-.38386824E+03
-.38380056E+03
-.38373416E+03
-.38367035E+03
-.38360867E+03
-.38354806E+03
-.38348689E+03
-.38342563E+03
-.38336243E+03
-.38329678E+03
-.38322790E+03
-.38315671E+03
-.38308180E+03
-.38300349E+03
-.38292142E+03
-.38283482E+03
-.38274336E+03
-.38264965E+03
-.38255394E+03
-.38245798E+03
-.38236354E+03
-.38227043E+03
-.38218058E+03
-.38209541E+03
-.38201684E+03
-.38194812E+03
-.38188967E+03
-.38184436E+03
-.38181229E+03
-.38179500E+03
-.38179116E+03
-.38179974E+03
-.38181572E+03
-.38183798E+03
-.38186555E+03
-.38189865E+03
-.38193746E+03
-.38197840E+03
-.38201896E+03
-.38205605E+03
-.38208693E+03
-.38211076E+03
-.38212840E+03
-.38213797E+03
-.38213993E+03
-.38213420E+03
-.38211963E+03
-.38209925E+03
-.38207319E+03
-.38204181E+03
-.38200703E+03
-.38196919E+03
-.38192975E+03
-.38188808E+03
-.38184610E+03
-.38180563E+03
-.38176823E+03
-.38173316E+03
-.38169865E+03
-.38166641E+03
-.38163636E+03
-.38160903E+03
-.38158294E+03
-.38156049E+03
-.38154202E+03
-.38152577E+03
-.38151302E+03
-.38150498E+03
-.38149854E+03
-.38149645E+03
-.38149992E+03
-.38151067E+03
-.38152790E+03
-.38155015E+03
-.38158111E+03
-.38161972E+03
-.38166645E+03
-.38172180E+03
-.38178360E+03
-.38185256E+03
-.38192977E+03
-.38201386E+03
-.38210133E+03
-.38218897E+03
-.38227550E+03
-.38235780E+03
-.38243508E+03
-.38250557E+03
-.38257089E+03
-.38263054E+03
-.38268465E+03
-.38273373E+03
-.38277673E+03
-.38281701E+03
-.38285498E+03
-.38289026E+03
-.38292725E+03
-.38296831E+03
-.38301404E+03
-.38306523E+03
-.38312287E+03
-.38318661E+03
-.38325911E+03
-.38334104E+03
-.38343346E+03
-.38353454E+03
-.38364397E+03
-.38376331E+03
-.38389033E+03
-.38402287E+03
-.38415873E+03
-.38429938E+03
-.38444057E+03
-.38457982E+03
-.38471550E+03
-.38484924E+03
-.38497799E+03
-.38510147E+03
-.38521776E+03
-.38532617E+03
-.38542494E+03
-.38551379E+03
-.38559177E+03
-.38565836E+03
-.38571176E+03
-.38575222E+03
-.38578048E+03
-.38579567E+03
-.38579976E+03
-.38579482E+03
-.38577944E+03
-.38575509E+03
-.38572250E+03
-.38568346E+03
-.38563708E+03
-.38558516E+03
-.38552967E+03
-.38547142E+03
-.38541133E+03
-.38535080E+03
-.38528952E+03
-.38522743E+03
-.38516703E+03
-.38510897E+03
-.38504995E+03
-.38499293E+03
-.38493763E+03
-.38488476E+03
-.38483320E+03
-.38478129E+03
-.38473034E+03
-.38467937E+03
-.38462606E+03
-.38457013E+03
-.38450889E+03
-.38444049E+03
-.38436308E+03
-.38427432E+03
-.38417410E+03
-.38406075E+03
-.38392993E+03
-.38378207E+03
-.38361791E+03
-.38343775E+03
-.38324270E+03
-.38303404E+03
-.38281187E+03
-.38258079E+03
-.38234543E+03
-.38211031E+03
-.38187640E+03
-.38165117E+03
-.38143579E+03
-.38123239E+03
-.38104853E+03
-.38088760E+03
-.38075536E+03
-.38065426E+03
-.38058424E+03
-.38054572E+03
-.38054122E+03
-.38057023E+03
-.38063221E+03
-.38072849E+03
-.38085383E+03
-.38100510E+03
-.38118121E+03
-.38137948E+03
-.38159515E+03
-.38182602E+03
-.38206801E+03
-.38231789E+03
-.38257156E+03
-.38282153E+03
-.38306644E+03
-.38330532E+03
-.38353311E+03
-.38375027E+03
-.38395571E+03
-.38414682E+03
-.38432364E+03
-.38448713E+03
-.38463518E+03
-.38476676E+03
-.38488431E+03
-.38499069E+03
-.38508848E+03
-.38517643E+03
-.38525811E+03
-.38533277E+03
-.38540394E+03
-.38547287E+03
-.38554195E+03
-.38561073E+03
-.38568090E+03
-.38575235E+03
-.38582563E+03
-.38589900E+03
-.38597092E+03
-.38603957E+03
-.38610681E+03
-.38617194E+03
-.38623406E+03
-.38629149E+03
-.38634367E+03
-.38638778E+03
-.38642180E+03
-.38644533E+03
-.38645505E+03
-.38645430E+03
-.38644030E+03
-.38641156E+03
-.38636760E+03
-.38630729E+03
-.38623030E+03
-.38613591E+03
-.38602497E+03
-.38589887E+03
-.38575895E+03
-.38560449E+03
-.38543521E+03
-.38525274E+03
-.38505936E+03
-.38485535E+03
-.38464172E+03
-.38441890E+03
-.38419030E+03
-.38395687E+03
-.38372102E+03
-.38348714E+03
-.38325598E+03
-.38303077E+03
-.38281100E+03
-.38259981E+03
-.38239855E+03
-.38220772E+03
-.38202892E+03
-.38186373E+03
-.38171435E+03
-.38157765E+03
-.38145181E+03
-.38133663E+03
-.38122921E+03
-.38112771E+03
-.38103348E+03
-.38094332E+03
-.38085796E+03
-.38077533E+03
-.38069167E+03
-.38061128E+03
-.38053085E+03
-.38045157E+03
-.38037397E+03
-.38029808E+03
-.38022523E+03
-.38015530E+03
-.38008845E+03
-.38002816E+03
-.37997669E+03
-.37993690E+03
-.37990864E+03
-.37989399E+03
-.37989311E+03
-.37990501E+03
-.37993082E+03
-.37997447E+03
-.38003735E+03
-.38011993E+03
-.38022318E+03
-.38034761E+03
-.38049382E+03
-.38066188E+03
-.38085135E+03
-.38106200E+03
-.38129126E+03
-.38153782E+03
-.38180052E+03
-.38207629E+03
-.38236379E+03
-.38265914E+03
-.38295915E+03
-.38326091E+03
-.38355995E+03
-.38385425E+03
-.38413986E+03
-.38441242E+03
-.38467058E+03
-.38491199E+03
-.38513153E+03
-.38532978E+03
-.38550577E+03
-.38565767E+03
-.38578406E+03
-.38588674E+03
-.38596692E+03
-.38602320E+03
-.38605666E+03
-.38606927E+03
-.38605991E+03
-.38602868E+03
-.38597910E+03
-.38591183E+03
-.38582816E+03
-.38572859E+03
-.38561502E+03
-.38548859E+03
-.38535079E+03
-.38520287E+03
-.38504548E+03
-.38488160E+03
-.38471106E+03
-.38453671E+03
-.38436063E+03
-.38418472E+03
-.38401072E+03
-.38384044E+03
-.38367516E+03
-.38351490E+03
-.38336289E+03
-.38322121E+03
-.38309011E+03
-.38297157E+03
-.38286815E+03
-.38278227E+03
-.38271685E+03
-.38267318E+03
-.38264945E+03
-.38264620E+03
-.38266398E+03
-.38270081E+03
-.38275451E+03
-.38282167E+03
-.38290132E+03
-.38299116E+03
-.38308665E+03
-.38318518E+03
-.38328550E+03
-.38338068E+03
-.38346948E+03
-.38354807E+03
-.38361462E+03
-.38366486E+03
-.38369648E+03
-.38370800E+03
-.38370269E+03
-.38368003E+03
-.38364152E+03
-.38358716E+03
-.38352137E+03
-.38344281E+03
-.38335633E+03
-.38326488E+03
-.38317130E+03
-.38307919E+03
-.38298870E+03
-.38290588E+03
-.38283157E+03
-.38276878E+03
-.38271752E+03
-.38267707E+03
-.38264984E+03
-.38263278E+03
-.38262682E+03
-.38263176E+03
-.38264894E+03
-.38267693E+03
-.38271375E+03
-.38275945E+03
-.38281267E+03
-.38287191E+03
-.38293523E+03
-.38300201E+03
-.38307267E+03
-.38314533E+03
-.38321689E+03
-.38328716E+03
-.38335507E+03
-.38342103E+03
-.38348328E+03
-.38354173E+03
-.38359589E+03
-.38364468E+03
-.38368698E+03
-.38372337E+03
-.38375110E+03
-.38376858E+03
-.38377673E+03
-.38377599E+03
-.38376450E+03
-.38374157E+03
-.38370438E+03
-.38365293E+03
-.38358769E+03
-.38350561E+03
-.38340705E+03
-.38329278E+03
-.38316207E+03
-.38301538E+03
-.38285411E+03
-.38267837E+03
-.38248966E+03
-.38229258E+03
-.38208710E+03
-.38187618E+03
-.38166077E+03
-.38144488E+03
-.38123127E+03
-.38102404E+03
-.38082932E+03
-.38064842E+03
-.38048438E+03
-.38034384E+03
-.38022907E+03
-.38014198E+03
-.38008447E+03
-.38005921E+03
-.38006636E+03
-.38010564E+03
-.38017817E+03
-.38028345E+03
-.38042076E+03
-.38058839E+03
-.38078181E+03
-.38099547E+03
-.38122587E+03
-.38146906E+03
-.38171819E+03
-.38197001E+03
-.38221901E+03
-.38246068E+03
-.38269007E+03
-.38290599E+03
-.38310701E+03
-.38329052E+03
-.38345491E+03
-.38359924E+03
-.38372297E+03
-.38383034E+03
-.38392134E+03
-.38399732E+03
-.38406154E+03
-.38411588E+03
-.38415999E+03
-.38419461E+03
-.38422157E+03
-.38424039E+03
-.38425122E+03
-.38425631E+03
-.38425693E+03
-.38425439E+03
-.38424928E+03
-.38424346E+03
-.38423655E+03
-.38422926E+03
-.38422286E+03
-.38421972E+03
-.38422161E+03
-.38423052E+03
-.38424453E+03
-.38426520E+03
-.38429128E+03
-.38432187E+03
-.38435543E+03
-.38439062E+03
-.38442688E+03
-.38446425E+03
-.38449927E+03
-.38453090E+03
-.38455900E+03
-.38458383E+03
-.38460486E+03
-.38461995E+03
-.38462825E+03
-.38463094E+03
-.38462641E+03
-.38461485E+03
-.38459664E+03
-.38457497E+03
-.38454901E+03
-.38451745E+03
-.38448313E+03
-.38444616E+03
-.38440675E+03
-.38436714E+03
-.38432755E+03
-.38428697E+03
-.38424571E+03
-.38420414E+03
-.38416249E+03
-.38411859E+03
-.38407105E+03
-.38402350E+03
-.38397350E+03
-.38391993E+03
-.38386267E+03
-.38380342E+03
-.38374095E+03
-.38367677E+03
-.38361134E+03
-.38354203E+03
-.38346880E+03
-.38339441E+03
-.38331838E+03
-.38324218E+03
-.38316558E+03
-.38309145E+03
-.38301913E+03
-.38294853E+03
-.38288160E+03
-.38281872E+03
-.38276074E+03
-.38270653E+03
-.38265830E+03
-.38261808E+03
-.38258625E+03
-.38256156E+03
-.38254553E+03
-.38253873E+03
-.38254055E+03
-.38254949E+03
-.38256618E+03
-.38258924E+03
-.38261947E+03
-.38265343E+03
-.38269082E+03
-.38272880E+03
-.38276565E+03
-.38280098E+03
-.38283093E+03
-.38285439E+03
-.38286598E+03
-.38286571E+03
-.38285138E+03
-.38281801E+03
-.38276486E+03
-.38269442E+03
-.38260227E+03
-.38249050E+03
-.38236132E+03
-.38221286E+03
-.38204683E+03
-.38186477E+03
-.38166682E+03
-.38145713E+03
-.38123933E+03
-.38101838E+03
-.38079524E+03
-.38057218E+03
-.38035428E+03
-.38014458E+03
-.37994331E+03
-.37975447E+03
-.37958133E+03
-.37942808E+03
-.37929638E+03
-.37918636E+03
-.37909906E+03
-.37903571E+03
-.37899606E+03
-.37898025E+03
-.37898883E+03
-.37902193E+03
-.37907897E+03
-.37915721E+03
-.37925481E+03
-.37936983E+03
-.37949727E+03
-.37963239E+03
-.37977199E+03
-.37991424E+03
-.38005547E+03
-.38019243E+03
-.38032114E+03
-.38043813E+03
-.38053741E+03
-.38061674E+03
-.38067251E+03
-.38070103E+03
-.38070275E+03
-.38067877E+03
-.38062851E+03
-.38055493E+03
-.38045878E+03
-.38034287E+03
-.38021191E+03
-.38007111E+03
-.37992759E+03
-.37978752E+03
-.37965993E+03
-.37955006E+03
-.37946475E+03
-.37941173E+03
-.37939637E+03
-.37942511E+03
-.37949931E+03
-.37961908E+03
-.37978240E+03
-.37998566E+03
-.38022598E+03
-.38049864E+03
-.38079518E+03
-.38110607E+03
-.38142437E+03
-.38174308E+03
-.38205294E+03
-.38234736E+03
-.38261871E+03
-.38286032E+03
-.38307244E+03
-.38325072E+03
-.38339333E+03
-.38350287E+03
-.38357982E+03
-.38362721E+03
-.38364879E+03
-.38364875E+03
-.38362896E+03
-.38359213E+03
-.38354392E+03
-.38348916E+03
-.38343059E+03
-.38337300E+03
-.38332112E+03
-.38327907E+03
-.38324841E+03
-.38322916E+03
-.38322444E+03
-.38323419E+03
-.38326192E+03
-.38330713E+03
-.38336663E+03
-.38344351E+03
-.38353562E+03
-.38364310E+03
-.38376311E+03
-.38389194E+03
-.38403018E+03
-.38417533E+03
-.38432436E+03
-.38447513E+03
-.38462548E+03
-.38477571E+03
-.38492413E+03
-.38506978E+03
-.38521209E+03
-.38534784E+03
-.38547791E+03
-.38559897E+03
-.38571264E+03
-.38581842E+03
-.38591594E+03
-.38600563E+03
-.38608567E+03
-.38615486E+03
-.38621700E+03
-.38627095E+03
-.38631667E+03
-.38635590E+03
-.38638670E+03
-.38641170E+03
-.38642910E+03
-.38644097E+03
-.38644793E+03
-.38644900E+03
-.38644657E+03
-.38644055E+03
-.38643055E+03
-.38641875E+03
-.38640483E+03
-.38638747E+03
-.38636747E+03
-.38634507E+03
-.38631902E+03
-.38629030E+03
-.38625720E+03
-.38621958E+03
-.38617615E+03
-.38612615E+03
-.38607014E+03
-.38600911E+03
-.38594466E+03
-.38587763E+03
-.38580800E+03
-.38573594E+03
-.38566140E+03
-.38558557E+03
-.38551177E+03
-.38544071E+03
-.38537276E+03
-.38530777E+03
-.38524722E+03
-.38519044E+03
-.38513770E+03
-.38508947E+03
-.38504491E+03
-.38500360E+03
-.38496496E+03
-.38492834E+03
-.38489420E+03
-.38486247E+03
-.38483429E+03
-.38480860E+03
-.38478506E+03
-.38476084E+03
-.38473566E+03
-.38470685E+03
-.38467769E+03
-.38464503E+03
-.38460841E+03
-.38456515E+03
-.38451747E+03
-.38446587E+03
-.38440913E+03
-.38434737E+03
-.38428094E+03
-.38421180E+03
-.38413889E+03
-.38406421E+03
-.38398718E+03
-.38390852E+03
-.38383025E+03
-.38375316E+03
-.38367801E+03
-.38360544E+03
-.38353459E+03
-.38346577E+03
-.38340083E+03
-.38334138E+03
-.38328809E+03
-.38324112E+03
-.38319974E+03
-.38316525E+03
-.38314050E+03
-.38312533E+03
-.38312088E+03
-.38312933E+03
-.38315091E+03
-.38318591E+03
-.38323409E+03
-.38329765E+03
-.38337534E+03
-.38346697E+03
-.38357426E+03
-.38369350E+03
-.38382227E+03
-.38395862E+03
-.38410001E+03
-.38424268E+03
-.38438252E+03
-.38451623E+03
-.38464022E+03
-.38475184E+03
-.38484988E+03
-.38493143E+03
-.38499260E+03
-.38503544E+03
-.38506010E+03
-.38506572E+03
-.38505566E+03
-.38503418E+03
-.38500145E+03
-.38496112E+03
-.38491323E+03
-.38485945E+03
-.38480342E+03
-.38474731E+03
-.38469147E+03
-.38463722E+03
-.38458476E+03
-.38453545E+03
-.38448707E+03
-.38444102E+03
-.38439794E+03
-.38435714E+03
-.38431666E+03
-.38427611E+03
-.38423553E+03
-.38419499E+03
-.38415529E+03
-.38411412E+03
-.38407246E+03
-.38403167E+03
-.38398925E+03
-.38394584E+03
-.38390255E+03
-.38385726E+03
-.38380921E+03
-.38375712E+03
-.38370268E+03
-.38364464E+03
-.38358053E+03
-.38350691E+03
-.38342627E+03
-.38333716E+03
-.38323795E+03
-.38312864E+03
-.38300780E+03
-.38287432E+03
-.38272810E+03
-.38257272E+03
-.38240740E+03
-.38223279E+03
-.38205297E+03
-.38186775E+03
-.38167820E+03
-.38148794E+03
-.38130120E+03
-.38112246E+03
-.38095752E+03
-.38080823E+03
-.38067960E+03
-.38057515E+03
-.38049664E+03
-.38044859E+03
-.38043594E+03
-.38045885E+03
-.38051862E+03
-.38061470E+03
-.38074252E+03
-.38090136E+03
-.38108651E+03
-.38129355E+03
-.38151773E+03
-.38175356E+03
-.38199004E+03
-.38222351E+03
-.38244687E+03
-.38265436E+03
-.38284175E+03
-.38300705E+03
-.38314763E+03
-.38326251E+03
-.38335066E+03
-.38341207E+03
-.38345017E+03
-.38346532E+03
-.38345745E+03
-.38343062E+03
-.38338769E+03
-.38333105E+03
-.38326383E+03
-.38318564E+03
-.38310078E+03
-.38300910E+03
-.38291320E+03
-.38281652E+03
-.38272156E+03
-.38263068E+03
-.38254585E+03
-.38246934E+03
-.38240261E+03
-.38234822E+03
-.38230904E+03
-.38228884E+03
-.38228975E+03
-.38231477E+03
-.38236411E+03
-.38243820E+03
-.38253735E+03
-.38266239E+03
-.38281431E+03
-.38299034E+03
-.38318758E+03
-.38340325E+03
-.38363484E+03
-.38387832E+03
-.38413003E+03
-.38438492E+03
-.38463697E+03
-.38488235E+03
-.38511335E+03
-.38532689E+03
-.38551909E+03
-.38568449E+03
-.38582280E+03
-.38593051E+03
-.38600482E+03
-.38604351E+03
-.38604531E+03
-.38601182E+03
-.38594614E+03
-.38584908E+03
-.38572389E+03
-.38557306E+03
-.38539901E+03
-.38520744E+03
-.38500305E+03
-.38478572E+03
-.38456308E+03
-.38433845E+03
-.38411472E+03
-.38389611E+03
-.38368614E+03
-.38348802E+03
-.38330345E+03
-.38313395E+03
-.38298060E+03
-.38284668E+03
-.38273322E+03
-.38263901E+03
-.38256507E+03
-.38251234E+03
-.38248034E+03
-.38246969E+03
-.38248141E+03
-.38251474E+03
-.38256875E+03
-.38264212E+03
-.38273346E+03
-.38284198E+03
-.38296706E+03
-.38310771E+03
-.38325943E+03
-.38341837E+03
-.38358337E+03
-.38375209E+03
-.38392177E+03
-.38408992E+03
-.38425385E+03
-.38441043E+03
-.38455628E+03
-.38469131E+03
-.38481172E+03
-.38491446E+03
-.38499741E+03
-.38505785E+03
-.38509465E+03
-.38510773E+03
-.38509637E+03
-.38505971E+03
-.38499884E+03
-.38491365E+03
-.38480481E+03
-.38467388E+03
-.38452320E+03
-.38435658E+03
-.38417519E+03
-.38398420E+03
-.38378588E+03
-.38358352E+03
-.38338011E+03
-.38317822E+03
-.38298108E+03
-.38279269E+03
-.38261277E+03
-.38244447E+03
-.38228990E+03
-.38215030E+03
-.38202577E+03
-.38191905E+03
-.38183186E+03
-.38176185E+03
-.38170991E+03
-.38167578E+03
-.38165680E+03
-.38165020E+03
-.38165581E+03
-.38167257E+03
-.38169860E+03
-.38173176E+03
-.38177027E+03
-.38181300E+03
-.38185837E+03
-.38190525E+03
-.38195037E+03
-.38199516E+03
-.38203718E+03
-.38207501E+03
-.38211009E+03
-.38214395E+03
-.38217723E+03
-.38220803E+03
-.38223952E+03
-.38227319E+03
-.38230981E+03
-.38234931E+03
-.38239401E+03
-.38244279E+03
-.38249598E+03
-.38255649E+03
-.38262352E+03
-.38269452E+03
-.38276909E+03
-.38284653E+03
-.38292662E+03
-.38301006E+03
-.38309305E+03
-.38317553E+03
-.38325728E+03
-.38333480E+03
-.38340724E+03
-.38347414E+03
-.38353504E+03
-.38359118E+03
-.38364505E+03
-.38369436E+03
-.38373878E+03
-.38378084E+03
-.38381890E+03
-.38385449E+03
-.38388740E+03
-.38391765E+03
-.38394434E+03
-.38397031E+03
-.38399608E+03
-.38402112E+03
-.38404608E+03
-.38407022E+03
-.38409427E+03
-.38411636E+03
-.38413651E+03
-.38415494E+03
-.38417111E+03
-.38418568E+03
-.38419839E+03
-.38420741E+03
-.38421160E+03
-.38421355E+03
-.38421158E+03
-.38420330E+03
-.38419017E+03
-.38417384E+03
-.38415346E+03
-.38413001E+03
-.38410542E+03
-.38408188E+03
-.38405889E+03
-.38403833E+03
-.38402235E+03
-.38401504E+03
-.38401335E+03
-.38401815E+03
-.38403246E+03
-.38405809E+03
-.38409212E+03
-.38413570E+03
-.38418811E+03
-.38424867E+03
-.38431475E+03
-.38438376E+03
-.38445541E+03
-.38452516E+03
-.38458995E+03
-.38464740E+03
-.38469646E+03
-.38473572E+03
-.38476277E+03
-.38477546E+03
-.38477567E+03
-.38476362E+03
-.38474115E+03
-.38470906E+03
-.38466833E+03
-.38462353E+03
-.38457656E+03
-.38453070E+03
-.38448631E+03
-.38444690E+03
-.38441493E+03
-.38439445E+03
-.38438867E+03
-.38439805E+03
-.38442350E+03
-.38446716E+03
-.38453180E+03
-.38461678E+03
-.38471869E+03
-.38483744E+03
-.38497268E+03
-.38512353E+03
-.38528695E+03
-.38546048E+03
-.38564154E+03
-.38582755E+03
-.38601572E+03
-.38620338E+03
-.38638560E+03
-.38656172E+03
-.38672999E+03
-.38688730E+03
-.38703106E+03
-.38716086E+03
-.38727714E+03
-.38737820E+03
-.38746488E+03
-.38753665E+03
-.38759377E+03
-.38763754E+03
-.38766672E+03
-.38768318E+03
-.38768867E+03
-.38768176E+03
-.38766511E+03
-.38763898E+03
-.38760318E+03
-.38755967E+03
-.38750977E+03
-.38745514E+03
-.38739458E+03
-.38732690E+03
-.38725302E+03
-.38717199E+03
-.38708357E+03
-.38698877E+03
-.38688567E+03
-.38677523E+03
-.38665830E+03
-.38653421E+03
-.38640468E+03
-.38626819E+03
-.38612608E+03
-.38597903E+03
-.38582758E+03
-.38567156E+03
-.38551172E+03
-.38534932E+03
-.38518359E+03
-.38501493E+03
-.38484689E+03
-.38467931E+03
-.38451251E+03
-.38434882E+03
-.38418945E+03
-.38403464E+03
-.38388797E+03
-.38375157E+03
-.38362615E+03
-.38351459E+03
-.38341702E+03
-.38333351E+03
-.38326479E+03
-.38320988E+03
-.38316880E+03
-.38314229E+03
-.38313044E+03
-.38313127E+03
-.38314574E+03
-.38317435E+03
-.38321346E+03
-.38326241E+03
-.38331969E+03
-.38338348E+03
-.38345084E+03
-.38352114E+03
-.38359137E+03
-.38365851E+03
-.38372194E+03
-.38378105E+03
-.38383515E+03
-.38388366E+03
-.38392440E+03
-.38395259E+03
-.38396965E+03
-.38397445E+03
-.38396405E+03
-.38393975E+03
-.38390308E+03
-.38385513E+03
-.38379582E+03
-.38372544E+03
-.38364523E+03
-.38355645E+03
-.38346056E+03
-.38335823E+03
-.38325165E+03
-.38314403E+03
-.38303806E+03
-.38293348E+03
-.38283342E+03
-.38274128E+03
-.38265717E+03
-.38258238E+03
-.38251904E+03
-.38246784E+03
-.38242926E+03
-.38240495E+03
-.38239586E+03
-.38240137E+03
-.38241914E+03
-.38245104E+03
-.38249673E+03
-.38255368E+03
-.38262216E+03
-.38269988E+03
-.38278781E+03
-.38288597E+03
-.38299212E+03
-.38310415E+03
-.38322021E+03
-.38333866E+03
-.38346006E+03
-.38358209E+03
-.38370011E+03
-.38381362E+03
-.38392409E+03
-.38402999E+03
-.38412842E+03
-.38422075E+03
-.38430685E+03
-.38438594E+03
-.38445673E+03
-.38452055E+03
-.38457678E+03
-.38462643E+03
-.38467006E+03
-.38470725E+03
-.38473951E+03
-.38476825E+03
-.38479277E+03
-.38481525E+03
-.38483413E+03
-.38484998E+03
-.38486611E+03
-.38488160E+03
-.38489942E+03
-.38491729E+03
-.38493529E+03
-.38495497E+03
-.38497802E+03
-.38500316E+03
-.38503212E+03
-.38506656E+03
-.38510582E+03
-.38514936E+03
-.38519922E+03
-.38525471E+03
-.38531653E+03
-.38538562E+03
-.38546235E+03
-.38554796E+03
-.38564143E+03
-.38574119E+03
-.38584675E+03
-.38595637E+03
-.38606923E+03
-.38618321E+03
-.38629580E+03
-.38640404E+03
-.38650493E+03
-.38659667E+03
-.38667689E+03
-.38674161E+03
-.38678704E+03
-.38681094E+03
-.38681374E+03
-.38679037E+03
-.38674120E+03
-.38666396E+03
-.38655935E+03
-.38642746E+03
-.38626907E+03
-.38608493E+03
-.38587799E+03
-.38564962E+03
-.38540198E+03
-.38513837E+03
-.38486118E+03
-.38457318E+03
-.38427846E+03
-.38398031E+03
-.38368115E+03
-.38338659E+03
-.38310014E+03
-.38282459E+03
-.38256486E+03
-.38232318E+03
-.38210446E+03
-.38190996E+03
-.38173863E+03
-.38159159E+03
-.38147042E+03
-.38137510E+03
-.38130308E+03
-.38125513E+03
-.38123044E+03
-.38122472E+03
-.38123523E+03
-.38125959E+03
-.38129402E+03
-.38133218E+03
-.38137513E+03
-.38142175E+03
-.38146831E+03
-.38151225E+03
-.38155312E+03
-.38158916E+03
-.38162087E+03
-.38164717E+03
-.38166845E+03
-.38168779E+03
-.38170396E+03
-.38172151E+03
-.38174123E+03
-.38176188E+03
-.38178583E+03
-.38181412E+03
-.38184569E+03
-.38188001E+03
-.38191697E+03
-.38195713E+03
-.38200057E+03
-.38204437E+03
-.38208983E+03
-.38213379E+03
-.38217299E+03
-.38220877E+03
-.38224141E+03
-.38227201E+03
-.38230009E+03
-.38232749E+03
-.38235294E+03
-.38237653E+03
-.38240167E+03
-.38242895E+03
-.38245876E+03
-.38249050E+03
-.38252456E+03
-.38256511E+03
-.38261286E+03
-.38266649E+03
-.38272608E+03
-.38279218E+03
-.38286512E+03
-.38294331E+03
-.38302694E+03
-.38311505E+03
-.38320465E+03
-.38329502E+03
-.38338530E+03
-.38347593E+03
-.38356499E+03
-.38365262E+03
-.38373780E+03
-.38381722E+03
-.38389071E+03
-.38395649E+03
-.38401253E+03
-.38405778E+03
-.38409267E+03
-.38411447E+03
-.38412260E+03
-.38411723E+03
-.38409752E+03
-.38406355E+03
-.38401458E+03
-.38394962E+03
-.38387081E+03
-.38377691E+03
-.38366894E+03
-.38354679E+03
-.38341026E+03
-.38325864E+03
-.38309273E+03
-.38291473E+03
-.38272578E+03
-.38252581E+03
-.38231893E+03
-.38210559E+03
-.38189053E+03
-.38167849E+03
-.38147304E+03
-.38127929E+03
-.38110182E+03
-.38094647E+03
-.38081622E+03
-.38071630E+03
-.38064865E+03
-.38061543E+03
-.38061842E+03
-.38065427E+03
-.38072122E+03
-.38081789E+03
-.38093889E+03
-.38108244E+03
-.38124347E+03
-.38141858E+03
-.38160602E+03
-.38180408E+03
-.38201091E+03
-.38222493E+03
-.38244609E+03
-.38267638E+03
-.38291354E+03
-.38315798E+03
-.38340678E+03
-.38365724E+03
-.38391003E+03
-.38416282E+03
-.38441400E+03
-.38466077E+03
-.38490356E+03
-.38513831E+03
-.38536342E+03
-.38557677E+03
-.38577555E+03
-.38595751E+03
-.38611919E+03
-.38626117E+03
-.38638327E+03
-.38648524E+03
-.38656806E+03
-.38662961E+03
-.38666910E+03
-.38668730E+03
-.38668747E+03
-.38667029E+03
-.38663692E+03
-.38658792E+03
-.38652540E+03
-.38645105E+03
-.38636771E+03
-.38627634E+03
-.38617810E+03
-.38607569E+03
-.38597146E+03
-.38586729E+03
-.38576440E+03
-.38566234E+03
-.38556482E+03
-.38547375E+03
-.38538982E+03
-.38531411E+03
-.38524612E+03
-.38518741E+03
-.38513723E+03
-.38509617E+03
-.38506354E+03
-.38503764E+03
-.38501728E+03
-.38500061E+03
-.38498759E+03
-.38497622E+03
-.38496564E+03
-.38495348E+03
-.38493721E+03
-.38491401E+03
-.38488396E+03
-.38484219E+03
-.38478744E+03
-.38472111E+03
-.38464048E+03
-.38454248E+03
-.38442756E+03
-.38429239E+03
-.38413620E+03
-.38395989E+03
-.38376162E+03
-.38354136E+03
-.38330206E+03
-.38304459E+03
-.38277390E+03
-.38249364E+03
-.38220534E+03
-.38191413E+03
-.38162697E+03
-.38135010E+03
-.38108765E+03
-.38084251E+03
-.38061928E+03
-.38042503E+03
-.38026510E+03
-.38014290E+03
-.38006094E+03
-.38001841E+03
-.38001696E+03
-.38005677E+03
-.38013446E+03
-.38024826E+03
-.38039315E+03
-.38056318E+03
-.38075449E+03
-.38096090E+03
-.38117936E+03
-.38140504E+03
-.38163189E+03
-.38185519E+03
-.38207375E+03
-.38228202E+03
-.38247799E+03
-.38265844E+03
-.38282307E+03
-.38297154E+03
-.38310336E+03
-.38321912E+03
-.38332083E+03
-.38340941E+03
-.38348349E+03
-.38354315E+03
-.38359301E+03
-.38363521E+03
-.38367087E+03
-.38370073E+03
-.38372723E+03
-.38375080E+03
-.38377293E+03
-.38379531E+03
-.38382064E+03
-.38384825E+03
-.38387825E+03
-.38391103E+03
-.38394533E+03
-.38398044E+03
-.38401612E+03
-.38405386E+03
-.38409062E+03
-.38412634E+03
-.38416145E+03
-.38419604E+03
-.38423082E+03
-.38426534E+03
-.38430011E+03
-.38433549E+03
-.38437163E+03
-.38441010E+03
-.38444838E+03
-.38448766E+03
-.38452952E+03
-.38457413E+03
-.38462248E+03
-.38467288E+03
-.38472720E+03
-.38478751E+03
-.38485499E+03
-.38492850E+03
-.38500837E+03
-.38509578E+03
-.38519118E+03
-.38529314E+03
-.38540107E+03
-.38551633E+03
-.38563605E+03
-.38575850E+03
-.38588230E+03
-.38600419E+03
-.38612274E+03
-.38623902E+03
-.38635040E+03
-.38645391E+03
-.38654994E+03
-.38663650E+03
-.38671392E+03
-.38678026E+03
-.38683385E+03
-.38687304E+03
-.38689617E+03
-.38690360E+03
-.38689651E+03
-.38687334E+03
-.38683443E+03
-.38678089E+03
-.38671277E+03
-.38663040E+03
-.38653440E+03
-.38642577E+03
-.38630491E+03
-.38617347E+03
-.38603317E+03
-.38588442E+03
-.38572755E+03
-.38556487E+03
-.38539815E+03
-.38522981E+03
-.38506020E+03
-.38489061E+03
-.38472289E+03
-.38456010E+03
-.38440425E+03
-.38425691E+03
-.38412192E+03
-.38400105E+03
-.38389609E+03
-.38380681E+03
-.38373358E+03
-.38367491E+03
-.38363032E+03
-.38359851E+03
-.38357523E+03
-.38355527E+03
-.38353591E+03
-.38351091E+03
-.38347750E+03
-.38343209E+03
-.38337269E+03
-.38329662E+03
-.38320155E+03
-.38308584E+03
-.38295297E+03
-.38280403E+03
-.38264075E+03
-.38246672E+03
-.38228606E+03
-.38210480E+03
-.38192908E+03
-.38176117E+03
-.38160567E+03
-.38147040E+03
-.38135805E+03
-.38127113E+03
-.38121142E+03
-.38118409E+03
-.38118661E+03
-.38122065E+03
-.38128598E+03
-.38137994E+03
-.38150013E+03
-.38164469E+03
-.38180872E+03
-.38199021E+03
-.38218425E+03
-.38238921E+03
-.38260051E+03
-.38281576E+03
-.38303257E+03
-.38325125E+03
-.38346810E+03
-.38368271E+03
-.38389296E+03
-.38409925E+03
-.38429779E+03
-.38448912E+03
-.38467220E+03
-.38484388E+03
-.38500377E+03
-.38515314E+03
-.38529170E+03
-.38541784E+03
-.38553292E+03
-.38563669E+03
-.38573020E+03
-.38581410E+03
-.38588880E+03
-.38595397E+03
-.38601263E+03
-.38606553E+03
-.38611554E+03
-.38616280E+03
-.38620848E+03
-.38625673E+03
-.38630808E+03
-.38636286E+03
-.38642149E+03
-.38648295E+03
-.38654920E+03
-.38662104E+03
-.38669785E+03
-.38678068E+03
-.38686786E+03
-.38695935E+03
-.38705214E+03
-.38714544E+03
-.38723892E+03
-.38732953E+03
-.38741546E+03
-.38749382E+03
-.38756242E+03
-.38762242E+03
-.38767454E+03
-.38771773E+03
-.38774929E+03
-.38776942E+03
-.38777661E+03
-.38777214E+03
-.38775664E+03
-.38772986E+03
-.38769457E+03
-.38765077E+03
-.38759828E+03
-.38753768E+03
-.38746900E+03
-.38739054E+03
-.38730409E+03
-.38721065E+03
-.38711167E+03
-.38700664E+03
-.38689571E+03
-.38677918E+03
-.38665889E+03
-.38653569E+03
-.38640956E+03
-.38628056E+03
-.38615086E+03
-.38602201E+03
-.38589664E+03
-.38577595E+03
-.38566282E+03
-.38555732E+03
-.38546118E+03
-.38537564E+03
-.38529987E+03
-.38523218E+03
-.38517146E+03
-.38511829E+03
-.38507270E+03
-.38503429E+03
-.38500333E+03
-.38497816E+03
-.38495819E+03
-.38494156E+03
-.38492708E+03
-.38491286E+03
-.38489936E+03
-.38488528E+03
-.38486891E+03
-.38484896E+03
-.38482287E+03
-.38478841E+03
-.38474471E+03
-.38469378E+03
-.38463420E+03
-.38456725E+03
-.38449445E+03
-.38441637E+03
-.38433160E+03
-.38423985E+03
-.38414324E+03
-.38404439E+03
-.38394543E+03
-.38384865E+03
-.38375544E+03
-.38366619E+03
-.38358279E+03
-.38350540E+03
-.38343628E+03
-.38337729E+03
-.38332792E+03
-.38328576E+03
-.38325463E+03
-.38323452E+03
-.38322354E+03
-.38322190E+03
-.38322997E+03
-.38324972E+03
-.38327954E+03
-.38331694E+03
-.38336121E+03
-.38341029E+03
-.38346269E+03
-.38351811E+03
-.38357425E+03
-.38362862E+03
-.38367967E+03
-.38372836E+03
-.38377425E+03
-.38381678E+03
-.38385417E+03
-.38388732E+03
-.38391552E+03
-.38393906E+03
-.38395600E+03
-.38396708E+03
-.38397242E+03
-.38397222E+03
-.38396443E+03
-.38395013E+03
-.38393059E+03
-.38390730E+03
-.38387906E+03
-.38384876E+03
-.38381659E+03
-.38378284E+03
-.38374903E+03
-.38371370E+03
-.38368153E+03
-.38365279E+03
-.38362891E+03
-.38361046E+03
-.38359748E+03
-.38359302E+03
-.38359520E+03
-.38360579E+03
-.38362569E+03
-.38365483E+03
-.38369349E+03
-.38373928E+03
-.38378870E+03
-.38383853E+03
-.38388638E+03
-.38392851E+03
-.38396485E+03
-.38399221E+03
-.38400928E+03
-.38401382E+03
-.38400321E+03
-.38397463E+03
-.38392794E+03
-.38386227E+03
-.38377690E+03
-.38367031E+03
-.38354600E+03
-.38340769E+03
-.38325617E+03
-.38309384E+03
-.38292261E+03
-.38274248E+03
-.38255419E+03
-.38236035E+03
-.38216644E+03
-.38197423E+03
-.38178475E+03
-.38159839E+03
-.38141706E+03
-.38124125E+03
-.38107200E+03
-.38090983E+03
-.38075754E+03
-.38061509E+03
-.38048305E+03
-.38036372E+03
-.38025728E+03
-.38016633E+03
-.38009243E+03
-.38003513E+03
-.37999543E+03
-.37997409E+03
-.37997169E+03
-.37999012E+03
-.38002834E+03
-.38008655E+03
-.38016540E+03
-.38026634E+03
-.38038742E+03
-.38052553E+03
-.38068237E+03
-.38085320E+03
-.38103674E+03
-.38123322E+03
-.38143693E+03
-.38164577E+03
-.38185526E+03
-.38206016E+03
-.38225661E+03
-.38244107E+03
-.38260902E+03
-.38275799E+03
-.38288474E+03
-.38298715E+03
-.38306385E+03
-.38311571E+03
-.38314579E+03
-.38315139E+03
-.38313338E+03
-.38309358E+03
-.38303422E+03
-.38295798E+03
-.38286711E+03
-.38276432E+03
-.38265518E+03
-.38253908E+03
-.38242086E+03
-.38230441E+03
-.38219161E+03
-.38208754E+03
-.38199444E+03
-.38191404E+03
-.38184983E+03
-.38180435E+03
-.38177819E+03
-.38177578E+03
-.38179637E+03
-.38183962E+03
-.38190711E+03
-.38199793E+03
-.38211271E+03
