0.18226E+02
0.18323E+02
0.18407E+02
0.18476E+02
0.18528E+02
0.18563E+02
0.18581E+02
0.18581E+02
0.18565E+02
0.18531E+02
0.18482E+02
0.18418E+02
0.18340E+02
0.18251E+02
0.18155E+02
0.18052E+02
0.17945E+02
0.17837E+02
0.17729E+02
0.17626E+02
0.17530E+02
0.17442E+02
0.17363E+02
0.17296E+02
0.17241E+02
0.17197E+02
0.17165E+02
0.17145E+02
0.17138E+02
0.17141E+02
0.17155E+02
0.17179E+02
0.17211E+02
0.17251E+02
0.17297E+02
0.17346E+02
0.17399E+02
0.17453E+02
0.17509E+02
0.17564E+02
0.17617E+02
0.17670E+02
0.17722E+02
0.17772E+02
0.17819E+02
0.17862E+02
0.17901E+02
0.17936E+02
0.17966E+02
0.17995E+02
0.18022E+02
0.18048E+02
0.18072E+02
0.18095E+02
0.18115E+02
0.18135E+02
0.18156E+02
0.18178E+02
0.18203E+02
0.18231E+02
0.18263E+02
0.18301E+02
0.18346E+02
0.18401E+02
0.18465E+02
0.18537E+02
0.18619E+02
0.18714E+02
0.18821E+02
0.18941E+02
0.19074E+02
0.19221E+02
0.19380E+02
0.19550E+02
0.19729E+02
0.19914E+02
0.20102E+02
0.20285E+02
0.20462E+02
0.20627E+02
0.20773E+02
0.20896E+02
0.20988E+02
0.21045E+02
0.21061E+02
0.21034E+02
0.20961E+02
0.20843E+02
0.20678E+02
0.20468E+02
0.20214E+02
0.19924E+02
0.19605E+02
0.19262E+02
0.18900E+02
0.18525E+02
0.18144E+02
0.17764E+02
0.17393E+02
0.17035E+02
0.16698E+02
0.16384E+02
0.16097E+02
0.15840E+02
0.15615E+02
0.15426E+02
0.15275E+02
0.15162E+02
0.15088E+02
0.15055E+02
0.15061E+02
0.15104E+02
0.15187E+02
0.15308E+02
0.15465E+02
0.15656E+02
0.15877E+02
0.16125E+02
0.16400E+02
0.16697E+02
0.17014E+02
0.17345E+02
0.17685E+02
0.18029E+02
0.18371E+02
0.18708E+02
0.19032E+02
0.19338E+02
0.19619E+02
0.19869E+02
0.20087E+02
0.20266E+02
0.20402E+02
0.20494E+02
0.20542E+02
0.20544E+02
0.20500E+02
0.20415E+02
0.20292E+02
0.20134E+02
0.19946E+02
0.19734E+02
0.19500E+02
0.19254E+02
0.18999E+02
0.18742E+02
0.18486E+02
0.18235E+02
0.17991E+02
0.17758E+02
0.17538E+02
0.17336E+02
0.17151E+02
0.16984E+02
0.16835E+02
0.16706E+02
0.16598E+02
0.16512E+02
0.16449E+02
0.16411E+02
0.16399E+02
0.16414E+02
0.16454E+02
0.16519E+02
0.16608E+02
0.16718E+02
0.16849E+02
0.16998E+02
0.17166E+02
0.17353E+02
0.17558E+02
0.17778E+02
0.18010E+02
0.18253E+02
0.18502E+02
0.18758E+02
0.19015E+02
0.19269E+02
0.19520E+02
0.19762E+02
0.19992E+02
0.20207E+02
0.20404E+02
0.20578E+02
0.20730E+02
0.20856E+02
0.20954E+02
0.21022E+02
0.21059E+02
0.21060E+02
0.21026E+02
0.20957E+02
0.20852E+02
0.20716E+02
0.20551E+02
0.20357E+02
0.20136E+02
0.19894E+02
0.19634E+02
0.19362E+02
0.19082E+02
0.18798E+02
0.18514E+02
0.18236E+02
0.17967E+02
0.17711E+02
0.17470E+02
0.17244E+02
0.17037E+02
0.16852E+02
0.16692E+02
0.16555E+02
0.16440E+02
0.16348E+02
0.16277E+02
0.16227E+02
0.16197E+02
0.16184E+02
0.16188E+02
0.16208E+02
0.16243E+02
0.16289E+02
0.16346E+02
0.16413E+02
0.16490E+02
0.16575E+02
0.16667E+02
0.16764E+02
0.16865E+02
0.16972E+02
0.17081E+02
0.17192E+02
0.17305E+02
0.17418E+02
0.17533E+02
0.17647E+02
0.17764E+02
0.17881E+02
0.17997E+02
0.18113E+02
0.18229E+02
0.18341E+02
0.18448E+02
0.18549E+02
0.18645E+02
0.18731E+02
0.18809E+02
0.18877E+02
0.18933E+02
0.18973E+02
0.18996E+02
0.19000E+02
0.18985E+02
0.18949E+02
0.18896E+02
0.18827E+02
0.18740E+02
0.18639E+02
0.18526E+02
0.18404E+02
0.18278E+02
0.18155E+02
0.18036E+02
0.17926E+02
0.17827E+02
0.17745E+02
0.17684E+02
0.17648E+02
0.17640E+02
0.17665E+02
0.17722E+02
0.17813E+02
0.17937E+02
0.18094E+02
0.18283E+02
0.18500E+02
0.18741E+02
0.19002E+02
0.19275E+02
0.19555E+02
0.19838E+02
0.20114E+02
0.20376E+02
0.20618E+02
0.20832E+02
0.21014E+02
0.21158E+02
0.21259E+02
0.21315E+02
0.21324E+02
0.21286E+02
0.21201E+02
0.21070E+02
0.20896E+02
0.20685E+02
0.20440E+02
0.20166E+02
0.19866E+02
0.19545E+02
0.19208E+02
0.18862E+02
0.18511E+02
0.18160E+02
0.17813E+02
0.17477E+02
0.17153E+02
0.16844E+02
0.16554E+02
0.16284E+02
0.16036E+02
0.15811E+02
0.15610E+02
0.15434E+02
0.15285E+02
0.15163E+02
0.15067E+02
0.14997E+02
0.14953E+02
0.14937E+02
0.14947E+02
0.14984E+02
0.15048E+02
0.15136E+02
0.15248E+02
0.15380E+02
0.15531E+02
0.15700E+02
0.15886E+02
0.16088E+02
0.16303E+02
0.16527E+02
0.16757E+02
0.16989E+02
0.17221E+02
0.17449E+02
0.17671E+02
0.17883E+02
0.18085E+02
0.18272E+02
0.18444E+02
0.18599E+02
0.18733E+02
0.18845E+02
0.18935E+02
0.19007E+02
0.19059E+02
0.19094E+02
0.19115E+02
0.19126E+02
0.19130E+02
0.19132E+02
0.19135E+02
0.19143E+02
0.19159E+02
0.19188E+02
0.19231E+02
0.19291E+02
0.19371E+02
0.19470E+02
0.19589E+02
0.19725E+02
0.19876E+02
0.20039E+02
0.20209E+02
0.20381E+02
0.20549E+02
0.20704E+02
0.20840E+02
0.20952E+02
0.21034E+02
0.21082E+02
0.21090E+02
0.21056E+02
0.20976E+02
0.20847E+02
0.20672E+02
0.20454E+02
0.20196E+02
0.19901E+02
0.19573E+02
0.19220E+02
0.18847E+02
0.18463E+02
0.18074E+02
0.17687E+02
0.17306E+02
0.16937E+02
0.16583E+02
0.16250E+02
0.15941E+02
0.15659E+02
0.15408E+02
0.15190E+02
0.15005E+02
0.14853E+02
0.14735E+02
0.14650E+02
0.14598E+02
0.14577E+02
0.14588E+02
0.14630E+02
0.14701E+02
0.14800E+02
0.14926E+02
0.15077E+02
0.15254E+02
0.15453E+02
0.15674E+02
0.15915E+02
0.16176E+02
0.16452E+02
0.16744E+02
0.17048E+02
0.17364E+02
0.17688E+02
0.18016E+02
0.18346E+02
0.18675E+02
0.19000E+02
0.19320E+02
0.19629E+02
0.19923E+02
0.20202E+02
0.20463E+02
0.20704E+02
0.20922E+02
0.21116E+02
0.21285E+02
0.21427E+02
0.21544E+02
0.21634E+02
0.21695E+02
0.21730E+02
0.21737E+02
0.21715E+02
0.21666E+02
0.21591E+02
0.21492E+02
0.21369E+02
0.21223E+02
0.21055E+02
0.20866E+02
0.20658E+02
0.20434E+02
0.20195E+02
0.19942E+02
0.19678E+02
0.19406E+02
0.19129E+02
0.18850E+02
0.18571E+02
0.18295E+02
0.18025E+02
0.17762E+02
0.17507E+02
0.17265E+02
0.17039E+02
0.16833E+02
0.16644E+02
0.16476E+02
0.16327E+02
0.16200E+02
0.16097E+02
0.16015E+02
0.15955E+02
0.15916E+02
0.15899E+02
0.15903E+02
0.15925E+02
0.15964E+02
0.16015E+02
0.16079E+02
0.16152E+02
0.16233E+02
0.16321E+02
0.16413E+02
0.16506E+02
0.16602E+02
0.16699E+02
0.16797E+02
0.16893E+02
0.16987E+02
0.17079E+02
0.17168E+02
0.17255E+02
0.17338E+02
0.17417E+02
0.17492E+02
0.17563E+02
0.17631E+02
0.17696E+02
0.17759E+02
0.17820E+02
0.17879E+02
0.17940E+02
0.18003E+02
0.18069E+02
0.18139E+02
0.18214E+02
0.18295E+02
0.18384E+02
0.18481E+02
0.18586E+02
0.18701E+02
0.18824E+02
0.18955E+02
0.19092E+02
0.19234E+02
0.19380E+02
0.19527E+02
0.19671E+02
0.19808E+02
0.19940E+02
0.20063E+02
0.20175E+02
0.20275E+02
0.20358E+02
0.20419E+02
0.20456E+02
0.20467E+02
0.20453E+02
0.20412E+02
0.20344E+02
0.20249E+02
0.20126E+02
0.19979E+02
0.19806E+02
0.19611E+02
0.19393E+02
0.19157E+02
0.18904E+02
0.18637E+02
0.18360E+02
0.18076E+02
0.17790E+02
0.17507E+02
0.17234E+02
0.16974E+02
0.16734E+02
0.16518E+02
0.16330E+02
0.16174E+02
0.16057E+02
0.15984E+02
0.15957E+02
0.15976E+02
0.16044E+02
0.16159E+02
0.16322E+02
0.16531E+02
0.16784E+02
0.17075E+02
0.17398E+02
0.17746E+02
0.18113E+02
0.18491E+02
0.18872E+02
0.19247E+02
0.19606E+02
0.19940E+02
0.20239E+02
0.20496E+02
0.20704E+02
0.20859E+02
0.20956E+02
0.20993E+02
0.20969E+02
0.20884E+02
0.20737E+02
0.20531E+02
0.20270E+02
0.19961E+02
0.19609E+02
0.19220E+02
0.18803E+02
0.18364E+02
0.17908E+02
0.17443E+02
0.16975E+02
0.16511E+02
0.16058E+02
0.15621E+02
0.15203E+02
0.14811E+02
0.14448E+02
0.14117E+02
0.13824E+02
0.13571E+02
0.13362E+02
0.13202E+02
0.13093E+02
0.13041E+02
0.13046E+02
0.13112E+02
0.13243E+02
0.13442E+02
0.13711E+02
0.14051E+02
0.14465E+02
0.14956E+02
0.15524E+02
0.16168E+02
0.16883E+02
0.17666E+02
0.18509E+02
0.19404E+02
0.20338E+02
0.21296E+02
0.22259E+02
0.23208E+02
0.24118E+02
0.24966E+02
0.25727E+02
0.26375E+02
0.26890E+02
0.27254E+02
0.27451E+02
0.27473E+02
0.27320E+02
0.26995E+02
0.26508E+02
0.25874E+02
0.25115E+02
0.24255E+02
0.23318E+02
0.22332E+02
0.21320E+02
0.20303E+02
0.19304E+02
0.18341E+02
0.17424E+02
0.16564E+02
0.15768E+02
0.15044E+02
0.14392E+02
0.13814E+02
0.13309E+02
0.12879E+02
0.12521E+02
0.12231E+02
0.12007E+02
0.11847E+02
0.11749E+02
0.11708E+02
0.11722E+02
0.11789E+02
0.11906E+02
0.12070E+02
0.12279E+02
0.12532E+02
0.12827E+02
0.13163E+02
0.13537E+02
0.13950E+02
0.14401E+02
0.14885E+02
0.15400E+02
0.15944E+02
0.16513E+02
0.17104E+02
0.17712E+02
0.18332E+02
0.18955E+02
0.19573E+02
0.20176E+02
0.20756E+02
0.21305E+02
0.21812E+02
0.22271E+02
0.22671E+02
0.23005E+02
0.23267E+02
0.23453E+02
0.23562E+02
0.23592E+02
0.23548E+02
0.23434E+02
0.23256E+02
0.23021E+02
0.22735E+02
0.22410E+02
0.22052E+02
0.21670E+02
0.21275E+02
0.20873E+02
0.20469E+02
0.20073E+02
0.19689E+02
0.19317E+02
0.18961E+02
0.18621E+02
0.18300E+02
0.17999E+02
0.17717E+02
0.17455E+02
0.17212E+02
0.16984E+02
0.16772E+02
0.16577E+02
0.16397E+02
0.16229E+02
0.16073E+02
0.15928E+02
0.15793E+02
0.15669E+02
0.15554E+02
0.15450E+02
0.15357E+02
0.15276E+02
0.15207E+02
0.15150E+02
0.15108E+02
0.15083E+02
0.15077E+02
0.15092E+02
0.15129E+02
0.15192E+02
0.15285E+02
0.15407E+02
0.15561E+02
0.15748E+02
0.15968E+02
0.16222E+02
0.16508E+02
0.16826E+02
0.17174E+02
0.17550E+02
0.17949E+02
0.18366E+02
0.18794E+02
0.19228E+02
0.19664E+02
0.20092E+02
0.20501E+02
0.20884E+02
0.21231E+02
0.21536E+02
0.21793E+02
0.21995E+02
0.22140E+02
0.22226E+02
0.22250E+02
0.22213E+02
0.22118E+02
0.21971E+02
0.21777E+02
0.21540E+02
0.21267E+02
0.20964E+02
0.20638E+02
0.20295E+02
0.19943E+02
0.19589E+02
0.19238E+02
0.18889E+02
0.18544E+02
0.18207E+02
0.17880E+02
0.17564E+02
0.17259E+02
0.16966E+02
0.16687E+02
0.16422E+02
0.16170E+02
0.15931E+02
0.15706E+02
0.15496E+02
0.15303E+02
0.15129E+02
0.14975E+02
0.14842E+02
0.14733E+02
0.14649E+02
0.14594E+02
0.14570E+02
0.14579E+02
0.14625E+02
0.14711E+02
0.14838E+02
0.15009E+02
0.15224E+02
0.15486E+02
0.15793E+02
0.16145E+02
0.16539E+02
0.16971E+02
0.17438E+02
0.17933E+02
0.18448E+02
0.18973E+02
0.19497E+02
0.20013E+02
0.20509E+02
0.20974E+02
0.21397E+02
0.21767E+02
0.22077E+02
0.22321E+02
0.22492E+02
0.22588E+02
0.22606E+02
0.22549E+02
0.22419E+02
0.22219E+02
0.21956E+02
0.21638E+02
0.21275E+02
0.20878E+02
0.20457E+02
0.20021E+02
0.19581E+02
0.19146E+02
0.18726E+02
0.18329E+02
0.17962E+02
0.17630E+02
0.17339E+02
0.17093E+02
0.16897E+02
0.16752E+02
0.16658E+02
0.16617E+02
0.16625E+02
0.16679E+02
0.16775E+02
0.16909E+02
0.17074E+02
0.17265E+02
0.17477E+02
0.17704E+02
0.17937E+02
0.18168E+02
0.18391E+02
0.18599E+02
0.18788E+02
0.18953E+02
0.19090E+02
0.19193E+02
0.19259E+02
0.19289E+02
0.19281E+02
0.19239E+02
0.19163E+02
0.19054E+02
0.18918E+02
0.18759E+02
0.18583E+02
0.18393E+02
0.18195E+02
0.17995E+02
0.17798E+02
0.17609E+02
0.17431E+02
0.17271E+02
0.17134E+02
0.17022E+02
0.16938E+02
0.16884E+02
0.16861E+02
0.16869E+02
0.16909E+02
0.16980E+02
0.17077E+02
0.17199E+02
0.17344E+02
0.17509E+02
0.17689E+02
0.17881E+02
0.18079E+02
0.18276E+02
0.18469E+02
0.18651E+02
0.18818E+02
0.18965E+02
0.19087E+02
0.19180E+02
0.19243E+02
0.19275E+02
0.19276E+02
0.19246E+02
0.19183E+02
0.19090E+02
0.18970E+02
0.18826E+02
0.18660E+02
0.18474E+02
0.18275E+02
0.18065E+02
0.17849E+02
0.17628E+02
0.17408E+02
0.17191E+02
0.16979E+02
0.16776E+02
0.16584E+02
0.16408E+02
0.16247E+02
0.16105E+02
0.15981E+02
0.15877E+02
0.15791E+02
0.15727E+02
0.15685E+02
0.15661E+02
0.15657E+02
0.15672E+02
0.15704E+02
0.15755E+02
0.15822E+02
0.15904E+02
0.16002E+02
0.16113E+02
0.16235E+02
0.16371E+02
0.16517E+02
0.16675E+02
0.16846E+02
0.17030E+02
0.17228E+02
0.17438E+02
0.17661E+02
0.17898E+02
0.18151E+02
0.18421E+02
0.18707E+02
0.19011E+02
0.19331E+02
0.19663E+02
0.20009E+02
0.20368E+02
0.20735E+02
0.21104E+02
0.21470E+02
0.21828E+02
0.22171E+02
0.22493E+02
0.22789E+02
0.23050E+02
0.23266E+02
0.23430E+02
0.23536E+02
0.23580E+02
0.23561E+02
0.23478E+02
0.23330E+02
0.23119E+02
0.22847E+02
0.22521E+02
0.22147E+02
0.21731E+02
0.21284E+02
0.20814E+02
0.20329E+02
0.19838E+02
0.19346E+02
0.18860E+02
0.18386E+02
0.17933E+02
0.17505E+02
0.17103E+02
0.16729E+02
0.16387E+02
0.16079E+02
0.15803E+02
0.15559E+02
0.15346E+02
0.15165E+02
0.15013E+02
0.14889E+02
0.14790E+02
0.14713E+02
0.14658E+02
0.14621E+02
0.14600E+02
0.14593E+02
0.14599E+02
0.14619E+02
0.14648E+02
0.14686E+02
0.14731E+02
0.14783E+02
0.14842E+02
0.14909E+02
0.14984E+02
0.15067E+02
0.15161E+02
0.15264E+02
0.15379E+02
0.15506E+02
0.15647E+02
0.15802E+02
0.15974E+02
0.16165E+02
0.16377E+02
0.16611E+02
0.16869E+02
0.17150E+02
0.17455E+02
0.17784E+02
0.18134E+02
0.18502E+02
0.18886E+02
0.19277E+02
0.19673E+02
0.20066E+02
0.20451E+02
0.20820E+02
0.21164E+02
0.21478E+02
0.21752E+02
0.21980E+02
0.22156E+02
0.22277E+02
0.22343E+02
0.22350E+02
0.22298E+02
0.22188E+02
0.22027E+02
0.21822E+02
0.21579E+02
0.21305E+02
0.21008E+02
0.20691E+02
0.20363E+02
0.20034E+02
0.19709E+02
0.19392E+02
0.19089E+02
0.18804E+02
0.18541E+02
0.18297E+02
0.18076E+02
0.17877E+02
0.17698E+02
0.17539E+02
0.17399E+02
0.17275E+02
0.17164E+02
0.17065E+02
0.16977E+02
0.16897E+02
0.16825E+02
0.16758E+02
0.16697E+02
0.16643E+02
0.16597E+02
0.16560E+02
0.16535E+02
0.16523E+02
0.16525E+02
0.16542E+02
0.16574E+02
0.16624E+02
0.16692E+02
0.16780E+02
0.16884E+02
0.17005E+02
0.17141E+02
0.17290E+02
0.17451E+02
0.17626E+02
0.17808E+02
0.17995E+02
0.18186E+02
0.18374E+02
0.18557E+02
0.18732E+02
0.18895E+02
0.19045E+02
0.19180E+02
0.19296E+02
0.19390E+02
0.19461E+02
0.19508E+02
0.19531E+02
0.19531E+02
0.19507E+02
0.19461E+02
0.19393E+02
0.19306E+02
0.19202E+02
0.19085E+02
0.18959E+02
0.18826E+02
0.18687E+02
0.18548E+02
0.18412E+02
0.18279E+02
0.18152E+02
0.18034E+02
0.17926E+02
0.17827E+02
0.17739E+02
0.17659E+02
0.17588E+02
0.17528E+02
0.17478E+02
0.17439E+02
0.17409E+02
0.17386E+02
0.17369E+02
0.17355E+02
0.17343E+02
0.17333E+02
0.17324E+02
0.17315E+02
0.17306E+02
0.17298E+02
0.17291E+02
0.17286E+02
0.17285E+02
0.17287E+02
0.17294E+02
0.17307E+02
0.17325E+02
0.17350E+02
0.17383E+02
0.17424E+02
0.17472E+02
0.17529E+02
0.17595E+02
0.17669E+02
0.17751E+02
0.17837E+02
0.17926E+02
0.18018E+02
0.18110E+02
0.18202E+02
0.18291E+02
0.18377E+02
0.18458E+02
0.18533E+02
0.18602E+02
0.18663E+02
0.18719E+02
0.18768E+02
0.18811E+02
0.18850E+02
0.18885E+02
0.18915E+02
0.18943E+02
0.18971E+02
0.19001E+02
0.19035E+02
0.19072E+02
0.19115E+02
0.19163E+02
0.19215E+02
0.19268E+02
0.19319E+02
0.19364E+02
0.19404E+02
0.19437E+02
0.19462E+02
0.19475E+02
0.19476E+02
0.19460E+02
0.19425E+02
0.19370E+02
0.19297E+02
0.19206E+02
0.19096E+02
0.18971E+02
0.18830E+02
0.18677E+02
0.18516E+02
0.18347E+02
0.18174E+02
0.18000E+02
0.17828E+02
0.17658E+02
0.17494E+02
0.17339E+02
0.17197E+02
0.17067E+02
0.16949E+02
0.16845E+02
0.16756E+02
0.16682E+02
0.16625E+02
0.16585E+02
0.16564E+02
0.16560E+02
0.16574E+02
0.16607E+02
0.16657E+02
0.16725E+02
0.16813E+02
0.16922E+02
0.17049E+02
0.17195E+02
0.17359E+02
0.17542E+02
0.17743E+02
0.17959E+02
0.18187E+02
0.18427E+02
0.18675E+02
0.18929E+02
0.19182E+02
0.19429E+02
0.19665E+02
0.19884E+02
0.20082E+02
0.20255E+02
0.20401E+02
0.20519E+02
0.20606E+02
0.20661E+02
0.20684E+02
0.20675E+02
0.20637E+02
0.20568E+02
0.20476E+02
0.20362E+02
0.20230E+02
0.20082E+02
0.19920E+02
0.19748E+02
0.19570E+02
0.19388E+02
0.19206E+02
0.19026E+02
0.18847E+02
0.18674E+02
0.18506E+02
0.18342E+02
0.18184E+02
0.18032E+02
0.17885E+02
0.17742E+02
0.17602E+02
0.17466E+02
0.17336E+02
0.17210E+02
0.17088E+02
0.16970E+02
0.16856E+02
0.16746E+02
0.16641E+02
0.16539E+02
0.16440E+02
0.16346E+02
0.16257E+02
0.16173E+02
0.16097E+02
0.16031E+02
0.15975E+02
0.15929E+02
0.15895E+02
0.15876E+02
0.15869E+02
0.15877E+02
0.15902E+02
0.15945E+02
0.16006E+02
0.16086E+02
0.16184E+02
0.16301E+02
0.16436E+02
0.16590E+02
0.16761E+02
0.16948E+02
0.17150E+02
0.17367E+02
0.17597E+02
0.17835E+02
0.18081E+02
0.18331E+02
0.18581E+02
0.18828E+02
0.19066E+02
0.19292E+02
0.19500E+02
0.19686E+02
0.19846E+02
0.19976E+02
0.20072E+02
0.20130E+02
0.20152E+02
0.20137E+02
0.20085E+02
0.19999E+02
0.19880E+02
0.19734E+02
0.19566E+02
0.19383E+02
0.19189E+02
0.18994E+02
0.18801E+02
0.18615E+02
0.18444E+02
0.18295E+02
0.18174E+02
0.18085E+02
0.18031E+02
0.18011E+02
0.18028E+02
0.18081E+02
0.18170E+02
0.18295E+02
0.18450E+02
0.18630E+02
0.18832E+02
0.19051E+02
0.19281E+02
0.19515E+02
0.19748E+02
0.19973E+02
0.20182E+02
0.20367E+02
0.20523E+02
0.20646E+02
0.20731E+02
0.20777E+02
0.20782E+02
0.20744E+02
0.20663E+02
0.20542E+02
0.20382E+02
0.20184E+02
0.19954E+02
0.19697E+02
0.19418E+02
0.19123E+02
0.18817E+02
0.18504E+02
0.18190E+02
0.17880E+02
0.17578E+02
0.17288E+02
0.17012E+02
0.16755E+02
0.16516E+02
0.16296E+02
0.16095E+02
0.15912E+02
0.15749E+02
0.15607E+02
0.15486E+02
0.15384E+02
0.15302E+02
0.15237E+02
0.15187E+02
0.15151E+02
0.15129E+02
0.15122E+02
0.15126E+02
0.15143E+02
0.15170E+02
0.15206E+02
0.15251E+02
0.15303E+02
0.15364E+02
0.15434E+02
0.15515E+02
0.15605E+02
0.15704E+02
0.15812E+02
0.15932E+02
0.16063E+02
0.16205E+02
0.16359E+02
0.16526E+02
0.16707E+02
0.16904E+02
0.17119E+02
0.17354E+02
0.17607E+02
0.17879E+02
0.18172E+02
0.18483E+02
0.18811E+02
0.19155E+02
0.19513E+02
0.19882E+02
0.20256E+02
0.20630E+02
0.20997E+02
0.21350E+02
0.21680E+02
0.21981E+02
0.22248E+02
0.22476E+02
0.22657E+02
0.22786E+02
0.22861E+02
0.22882E+02
0.22845E+02
0.22753E+02
0.22608E+02
0.22413E+02
0.22172E+02
0.21890E+02
0.21574E+02
0.21232E+02
0.20872E+02
0.20500E+02
0.20122E+02
0.19745E+02
0.19372E+02
0.19008E+02
0.18662E+02
0.18338E+02
0.18038E+02
0.17768E+02
0.17529E+02
0.17323E+02
0.17151E+02
0.17013E+02
0.16910E+02
0.16840E+02
0.16801E+02
0.16791E+02
0.16808E+02
0.16850E+02
0.16912E+02
0.16989E+02
0.17079E+02
0.17176E+02
0.17276E+02
0.17376E+02
0.17470E+02
0.17556E+02
0.17631E+02
0.17690E+02
0.17731E+02
0.17755E+02
0.17759E+02
0.17742E+02
0.17706E+02
0.17651E+02
0.17579E+02
0.17490E+02
0.17387E+02
0.17271E+02
0.17142E+02
0.17004E+02
0.16861E+02
0.16714E+02
0.16564E+02
0.16415E+02
0.16268E+02
0.16127E+02
0.15993E+02
0.15869E+02
0.15757E+02
0.15658E+02
0.15577E+02
0.15514E+02
0.15475E+02
0.15459E+02
0.15470E+02
0.15508E+02
0.15575E+02
0.15674E+02
0.15806E+02
0.15973E+02
0.16175E+02
0.16414E+02
0.16693E+02
0.17013E+02
0.17373E+02
0.17770E+02
0.18203E+02
0.18668E+02
0.19159E+02
0.19669E+02
0.20189E+02
0.20711E+02
0.21226E+02
0.21724E+02
0.22192E+02
0.22621E+02
0.22997E+02
0.23311E+02
0.23553E+02
0.23715E+02
0.23791E+02
0.23776E+02
0.23672E+02
0.23480E+02
0.23207E+02
0.22858E+02
0.22442E+02
0.21970E+02
0.21451E+02
0.20898E+02
0.20322E+02
0.19736E+02
0.19149E+02
0.18571E+02
0.18010E+02
0.17475E+02
0.16971E+02
0.16502E+02
0.16072E+02
0.15683E+02
0.15334E+02
0.15027E+02
0.14763E+02
0.14542E+02
0.14364E+02
0.14227E+02
0.14131E+02
0.14075E+02
0.14057E+02
0.14073E+02
0.14125E+02
0.14212E+02
0.14332E+02
0.14482E+02
0.14660E+02
0.14866E+02
0.15098E+02
0.15356E+02
0.15636E+02
0.15938E+02
0.16259E+02
0.16597E+02
0.16949E+02
0.17310E+02
0.17677E+02
0.18046E+02
0.18415E+02
0.18779E+02
0.19132E+02
0.19467E+02
0.19781E+02
0.20069E+02
0.20324E+02
0.20542E+02
0.20721E+02
0.20857E+02
0.20949E+02
0.20995E+02
0.20995E+02
0.20951E+02
0.20866E+02
0.20743E+02
0.20586E+02
0.20398E+02
0.20186E+02
0.19955E+02
0.19714E+02
0.19470E+02
0.19227E+02
0.18994E+02
0.18777E+02
0.18583E+02
0.18415E+02
0.18276E+02
0.18169E+02
0.18097E+02
0.18059E+02
0.18058E+02
0.18091E+02
0.18158E+02
0.18256E+02
0.18379E+02
0.18521E+02
0.18677E+02
0.18839E+02
0.19002E+02
0.19157E+02
0.19299E+02
0.19422E+02
0.19519E+02
0.19589E+02
0.19629E+02
0.19636E+02
0.19609E+02
0.19547E+02
0.19453E+02
0.19330E+02
0.19180E+02
0.19007E+02
0.18818E+02
0.18615E+02
0.18400E+02
0.18179E+02
0.17953E+02
0.17726E+02
0.17498E+02
0.17275E+02
0.17059E+02
0.16854E+02
0.16661E+02
0.16484E+02
0.16323E+02
0.16180E+02
0.16056E+02
0.15955E+02
0.15879E+02
0.15829E+02
0.15806E+02
0.15809E+02
0.15839E+02
0.15892E+02
0.15969E+02
0.16067E+02
0.16185E+02
0.16322E+02
0.16474E+02
0.16639E+02
0.16816E+02
0.17004E+02
0.17201E+02
0.17405E+02
0.17611E+02
0.17820E+02
0.18029E+02
0.18234E+02
0.18435E+02
0.18633E+02
0.18824E+02
0.19007E+02
0.19181E+02
0.19343E+02
0.19494E+02
0.19632E+02
0.19756E+02
0.19863E+02
0.19953E+02
0.20025E+02
0.20076E+02
0.20105E+02
0.20110E+02
0.20093E+02
0.20053E+02
0.19988E+02
0.19901E+02
0.19792E+02
0.19664E+02
0.19517E+02
0.19355E+02
0.19178E+02
0.18988E+02
0.18788E+02
0.18583E+02
0.18375E+02
0.18166E+02
0.17961E+02
0.17761E+02
0.17569E+02
0.17387E+02
0.17219E+02
0.17066E+02
0.16928E+02
0.16810E+02
0.16712E+02
0.16638E+02
0.16586E+02
0.16557E+02
0.16553E+02
0.16573E+02
0.16616E+02
0.16681E+02
0.16768E+02
0.16876E+02
0.17001E+02
0.17143E+02
0.17296E+02
0.17459E+02
0.17628E+02
0.17799E+02
0.17969E+02
0.18132E+02
0.18284E+02
0.18423E+02
0.18542E+02
0.18639E+02
0.18714E+02
0.18763E+02
0.18787E+02
0.18787E+02
0.18762E+02
0.18713E+02
0.18641E+02
0.18550E+02
0.18442E+02
0.18324E+02
0.18200E+02
0.18073E+02
0.17948E+02
0.17831E+02
0.17724E+02
0.17632E+02
0.17557E+02
0.17503E+02
0.17477E+02
0.17479E+02
0.17511E+02
0.17573E+02
0.17666E+02
0.17789E+02
0.17942E+02
0.18123E+02
0.18331E+02
0.18565E+02
0.18819E+02
0.19087E+02
0.19367E+02
0.19648E+02
0.19924E+02
0.20188E+02
0.20433E+02
0.20653E+02
0.20842E+02
0.20995E+02
0.21103E+02
0.21160E+02
0.21164E+02
0.21110E+02
0.20996E+02
0.20825E+02
0.20600E+02
0.20326E+02
0.20007E+02
0.19652E+02
0.19266E+02
0.18860E+02
0.18444E+02
0.18028E+02
0.17626E+02
0.17246E+02
0.16898E+02
0.16593E+02
0.16338E+02
0.16141E+02
0.16007E+02
0.15940E+02
0.15939E+02
0.16002E+02
0.16124E+02
0.16301E+02
0.16527E+02
0.16791E+02
0.17082E+02
0.17392E+02
0.17711E+02
0.18026E+02
0.18328E+02
0.18605E+02
0.18850E+02
0.19060E+02
0.19227E+02
0.19348E+02
0.19424E+02
0.19455E+02
0.19443E+02
0.19393E+02
0.19309E+02
0.19194E+02
0.19053E+02
0.18894E+02
0.18722E+02
0.18541E+02
0.18360E+02
0.18183E+02
0.18019E+02
0.17868E+02
0.17734E+02
0.17618E+02
0.17524E+02
0.17455E+02
0.17410E+02
0.17389E+02
0.17391E+02
0.17416E+02
0.17465E+02
0.17532E+02
0.17615E+02
0.17712E+02
0.17820E+02
0.17936E+02
0.18056E+02
0.18177E+02
0.18296E+02
0.18413E+02
0.18524E+02
0.18627E+02
0.18721E+02
0.18802E+02
0.18869E+02
0.18920E+02
0.18956E+02
0.18977E+02
0.18980E+02
0.18966E+02
0.18934E+02
0.18886E+02
0.18824E+02
0.18747E+02
0.18657E+02
0.18556E+02
0.18445E+02
0.18325E+02
0.18199E+02
0.18068E+02
0.17935E+02
0.17801E+02
0.17668E+02
0.17537E+02
0.17411E+02
0.17291E+02
0.17177E+02
0.17071E+02
0.16972E+02
0.16883E+02
0.16802E+02
0.16731E+02
0.16668E+02
0.16614E+02
0.16569E+02
0.16532E+02
0.16506E+02
0.16491E+02
0.16490E+02
0.16502E+02
0.16529E+02
0.16569E+02
0.16624E+02
0.16696E+02
0.16786E+02
0.16893E+02
0.17018E+02
0.17159E+02
0.17316E+02
0.17488E+02
0.17673E+02
0.17871E+02
0.18078E+02
0.18291E+02
0.18508E+02
0.18728E+02
0.18948E+02
0.19165E+02
0.19379E+02
0.19583E+02
0.19775E+02
0.19950E+02
0.20106E+02
0.20240E+02
0.20350E+02
0.20432E+02
0.20483E+02
0.20505E+02
0.20497E+02
0.20460E+02
0.20392E+02
0.20295E+02
0.20174E+02
0.20028E+02
0.19861E+02
0.19676E+02
0.19474E+02
0.19261E+02
0.19039E+02
0.18814E+02
0.18587E+02
0.18361E+02
0.18137E+02
0.17920E+02
0.17713E+02
0.17520E+02
0.17340E+02
0.17175E+02
0.17030E+02
0.16905E+02
0.16803E+02
0.16724E+02
0.16672E+02
0.16648E+02
0.16651E+02
0.16682E+02
0.16742E+02
0.16830E+02
0.16945E+02
0.17087E+02
0.17252E+02
0.17436E+02
0.17637E+02
0.17848E+02
0.18066E+02
0.18283E+02
0.18495E+02
0.18695E+02
0.18878E+02
0.19042E+02
0.19182E+02
0.19292E+02
0.19373E+02
0.19423E+02
0.19442E+02
0.19433E+02
0.19399E+02
0.19343E+02
0.19266E+02
0.19171E+02
0.19060E+02
0.18939E+02
0.18811E+02
0.18679E+02
0.18542E+02
0.18405E+02
0.18268E+02
0.18133E+02
0.18003E+02
0.17878E+02
0.17758E+02
0.17644E+02
0.17536E+02
0.17435E+02
0.17342E+02
0.17259E+02
0.17184E+02
0.17118E+02
0.17064E+02
0.17018E+02
0.16984E+02
0.16961E+02
0.16948E+02
0.16945E+02
0.16950E+02
0.16965E+02
0.16988E+02
0.17016E+02
0.17048E+02
0.17084E+02
0.17121E+02
0.17160E+02
0.17198E+02
0.17233E+02
0.17266E+02
0.17296E+02
0.17324E+02
0.17351E+02
0.17377E+02
0.17404E+02
0.17433E+02
0.17465E+02
0.17504E+02
0.17554E+02
0.17617E+02
0.17699E+02
0.17804E+02
0.17933E+02
0.18090E+02
0.18277E+02
0.18497E+02
0.18751E+02
0.19040E+02
0.19361E+02
0.19710E+02
0.20081E+02
0.20466E+02
0.20858E+02
0.21246E+02
0.21620E+02
0.21968E+02
0.22275E+02
0.22531E+02
0.22725E+02
0.22849E+02
0.22896E+02
0.22863E+02
0.22749E+02
0.22555E+02
0.22285E+02
0.21945E+02
0.21543E+02
0.21089E+02
0.20590E+02
0.20056E+02
0.19501E+02
0.18933E+02
0.18362E+02
0.17794E+02
0.17237E+02
0.16699E+02
0.16183E+02
0.15697E+02
0.15245E+02
0.14832E+02
0.14460E+02
0.14133E+02
0.13851E+02
0.13619E+02
0.13438E+02
0.13312E+02
0.13244E+02
0.13235E+02
0.13286E+02
0.13397E+02
0.13569E+02
0.13802E+02
0.14096E+02
0.14450E+02
0.14858E+02
0.15320E+02
0.15829E+02
0.16380E+02
0.16967E+02
0.17582E+02
0.18213E+02
0.18850E+02
0.19481E+02
0.20094E+02
0.20676E+02
0.21216E+02
0.21703E+02
0.22126E+02
0.22475E+02
0.22740E+02
0.22916E+02
0.23000E+02
0.22993E+02
0.22896E+02
0.22713E+02
0.22450E+02
0.22116E+02
0.21720E+02
0.21275E+02
0.20789E+02
0.20276E+02
0.19746E+02
0.19209E+02
0.18676E+02
0.18157E+02
0.17658E+02
0.17186E+02
0.16747E+02
0.16344E+02
0.15983E+02
0.15665E+02
0.15392E+02
0.15166E+02
0.14988E+02
0.14858E+02
0.14777E+02
0.14746E+02
0.14765E+02
0.14831E+02
0.14944E+02
0.15103E+02
0.15304E+02
0.15547E+02
0.15829E+02
0.16146E+02
0.16491E+02
0.16862E+02
0.17253E+02
0.17659E+02
0.18074E+02
0.18491E+02
0.18902E+02
0.19301E+02
0.19682E+02
0.20037E+02
0.20359E+02
0.20640E+02
0.20873E+02
0.21054E+02
0.21180E+02
0.21248E+02
0.21256E+02
0.21205E+02
0.21096E+02
0.20930E+02
0.20712E+02
0.20448E+02
0.20144E+02
0.19809E+02
0.19449E+02
0.19073E+02
0.18688E+02
0.18301E+02
0.17919E+02
0.17550E+02
0.17198E+02
0.16868E+02
0.16565E+02
0.16293E+02
0.16055E+02
0.15853E+02
0.15689E+02
0.15567E+02
0.15486E+02
0.15446E+02
0.15448E+02
0.15487E+02
0.15563E+02
0.15674E+02
0.15818E+02
0.15994E+02
0.16198E+02
0.16428E+02
0.16680E+02
0.16953E+02
0.17241E+02
0.17542E+02
0.17852E+02
0.18168E+02
0.18484E+02
0.18799E+02
0.19112E+02
0.19418E+02
0.19715E+02
0.19998E+02
0.20267E+02
0.20520E+02
0.20753E+02
0.20963E+02
0.21148E+02
0.21306E+02
0.21435E+02
0.21533E+02
0.21597E+02
0.21626E+02
0.21617E+02
0.21573E+02
0.21493E+02
0.21376E+02
0.21224E+02
0.21038E+02
0.20819E+02
0.20569E+02
0.20293E+02
0.19992E+02
0.19674E+02
0.19345E+02
0.19006E+02
0.18661E+02
0.18317E+02
0.17975E+02
0.17639E+02
0.17314E+02
0.17000E+02
0.16700E+02
0.16419E+02
0.16158E+02
0.15919E+02
0.15703E+02
0.15510E+02
0.15342E+02
0.15199E+02
0.15079E+02
0.14983E+02
0.14913E+02
0.14868E+02
0.14847E+02
0.14850E+02
0.14876E+02
0.14925E+02
0.14998E+02
0.15090E+02
0.15205E+02
0.15342E+02
0.15501E+02
0.15682E+02
0.15886E+02
0.16114E+02
0.16366E+02
0.16641E+02
0.16941E+02
0.17266E+02
0.17614E+02
0.17982E+02
0.18369E+02
0.18774E+02
0.19192E+02
0.19617E+02
0.20045E+02
0.20468E+02
0.20879E+02
0.21271E+02
0.21636E+02
0.21963E+02
0.22244E+02
0.22472E+02
0.22642E+02
0.22749E+02
0.22788E+02
0.22757E+02
0.22658E+02
0.22493E+02
0.22267E+02
0.21985E+02
0.21654E+02
0.21283E+02
0.20881E+02
0.20456E+02
0.20016E+02
0.19570E+02
0.19126E+02
0.18693E+02
0.18280E+02
0.17889E+02
0.17525E+02
0.17193E+02
0.16897E+02
0.16639E+02
0.16418E+02
0.16233E+02
0.16086E+02
0.15974E+02
0.15895E+02
0.15847E+02
0.15827E+02
0.15833E+02
0.15862E+02
0.15910E+02
0.15973E+02
0.16049E+02
0.16135E+02
0.16228E+02
0.16325E+02
0.16425E+02
0.16527E+02
0.16629E+02
0.16730E+02
0.16831E+02
0.16929E+02
0.17026E+02
0.17120E+02
0.17211E+02
0.17300E+02
0.17386E+02
0.17470E+02
0.17552E+02
0.17631E+02
0.17708E+02
0.17784E+02
0.17860E+02
0.17934E+02
0.18004E+02
0.18070E+02
0.18131E+02
0.18186E+02
0.18235E+02
0.18276E+02
0.18310E+02
0.18336E+02
0.18354E+02
0.18363E+02
0.18366E+02
0.18362E+02
0.18352E+02
0.18335E+02
0.18314E+02
0.18288E+02
0.18258E+02
0.18223E+02
0.18187E+02
0.18151E+02
0.18116E+02
0.18082E+02
0.18052E+02
0.18028E+02
0.18010E+02
0.18003E+02
0.18008E+02
0.18026E+02
0.18060E+02
0.18110E+02
0.18175E+02
0.18257E+02
0.18353E+02
0.18462E+02
0.18585E+02
0.18720E+02
0.18864E+02
0.19016E+02
0.19176E+02
0.19338E+02
0.19499E+02
0.19655E+02
0.19804E+02
0.19939E+02
0.20059E+02
0.20159E+02
0.20235E+02
0.20285E+02
0.20308E+02
0.20302E+02
0.20267E+02
0.20202E+02
0.20104E+02
0.19974E+02
0.19813E+02
0.19621E+02
0.19401E+02
0.19159E+02
0.18898E+02
0.18621E+02
0.18332E+02
0.18036E+02
0.17736E+02
0.17436E+02
0.17141E+02
0.16856E+02
0.16584E+02
0.16332E+02
0.16101E+02
0.15894E+02
0.15716E+02
0.15569E+02
0.15454E+02
0.15375E+02
0.15333E+02
0.15327E+02
0.15362E+02
0.15435E+02
0.15548E+02
0.15699E+02
0.15887E+02
0.16111E+02
0.16369E+02
0.16658E+02
0.16977E+02
0.17323E+02
0.17693E+02
0.18081E+02
0.18484E+02
0.18894E+02
0.19306E+02
0.19716E+02
0.20115E+02
0.20496E+02
0.20851E+02
0.21177E+02
0.21466E+02
0.21713E+02
0.21913E+02
0.22063E+02
0.22162E+02
0.22204E+02
0.22191E+02
0.22123E+02
0.22002E+02
0.21831E+02
0.21613E+02
0.21352E+02
0.21056E+02
0.20728E+02
0.20376E+02
0.20003E+02
0.19615E+02
0.19219E+02
0.18822E+02
0.18429E+02
0.18043E+02
0.17667E+02
0.17306E+02
0.16964E+02
0.16644E+02
0.16347E+02
0.16078E+02
0.15836E+02
0.15624E+02
0.15443E+02
0.15293E+02
0.15176E+02
0.15091E+02
0.15040E+02
0.15024E+02
0.15042E+02
0.15092E+02
0.15173E+02
0.15283E+02
0.15421E+02
0.15583E+02
0.15766E+02
0.15968E+02
0.16183E+02
0.16408E+02
0.16640E+02
0.16872E+02
0.17101E+02
0.17321E+02
0.17530E+02
0.17724E+02
0.17898E+02
0.18049E+02
0.18177E+02
0.18280E+02
0.18356E+02
0.18406E+02
0.18432E+02
0.18434E+02
0.18414E+02
0.18376E+02
0.18321E+02
0.18253E+02
0.18176E+02
0.18094E+02
0.18012E+02
0.17935E+02
0.17866E+02
0.17809E+02
0.17770E+02
0.17753E+02
0.17761E+02
0.17797E+02
0.17860E+02
0.17950E+02
0.18071E+02
0.18220E+02
0.18394E+02
0.18593E+02
0.18814E+02
0.19050E+02
0.19298E+02
0.19551E+02
0.19804E+02
0.20048E+02
0.20279E+02
0.20494E+02
0.20686E+02
0.20850E+02
0.20982E+02
0.21080E+02
0.21142E+02
0.21165E+02
0.21151E+02
0.21102E+02
0.21019E+02
0.20906E+02
0.20766E+02
0.20601E+02
0.20415E+02
0.20212E+02
0.19995E+02
0.19765E+02
0.19525E+02
0.19278E+02
0.19028E+02
0.18775E+02
0.18522E+02
0.18270E+02
0.18018E+02
0.17767E+02
0.17522E+02
0.17286E+02
0.17059E+02
0.16845E+02
0.16644E+02
0.16458E+02
0.16291E+02
0.16144E+02
0.16018E+02
0.15914E+02
0.15831E+02
0.15776E+02
0.15747E+02
0.15745E+02
0.15770E+02
0.15821E+02
0.15898E+02
0.16001E+02
0.16127E+02
0.16276E+02
0.16444E+02
0.16629E+02
0.16829E+02
0.17042E+02
0.17267E+02
0.17500E+02
0.17739E+02
0.17980E+02
0.18219E+02
0.18452E+02
0.18676E+02
0.18886E+02
0.19080E+02
0.19255E+02
0.19407E+02
0.19534E+02
0.19634E+02
0.19706E+02
0.19748E+02
0.19759E+02
0.19741E+02
0.19692E+02
0.19615E+02
0.19509E+02
0.19376E+02
0.19217E+02
0.19034E+02
0.18832E+02
0.18615E+02
0.18384E+02
0.18145E+02
0.17903E+02
0.17664E+02
0.17434E+02
0.17219E+02
0.17025E+02
0.16859E+02
0.16728E+02
0.16636E+02
0.16589E+02
0.16588E+02
0.16637E+02
0.16736E+02
0.16883E+02
0.17075E+02
0.17307E+02
0.17575E+02
0.17874E+02
0.18196E+02
0.18535E+02
0.18886E+02
0.19243E+02
0.19601E+02
0.19954E+02
0.20297E+02
0.20629E+02
0.20943E+02
0.21231E+02
0.21491E+02
0.21715E+02
0.21899E+02
0.22040E+02
0.22133E+02
0.22174E+02
0.22164E+02
0.22100E+02
0.21980E+02
0.21807E+02
0.21581E+02
0.21303E+02
0.20976E+02
0.20606E+02
0.20200E+02
0.19763E+02
0.19302E+02
0.18821E+02
0.18326E+02
0.17823E+02
0.17320E+02
0.16821E+02
0.16332E+02
0.15856E+02
0.15399E+02
0.14964E+02
0.14555E+02
0.14175E+02
0.13825E+02
0.13508E+02
0.13228E+02
0.12985E+02
0.12782E+02
0.12619E+02
0.12497E+02
0.12420E+02
0.12388E+02
0.12403E+02
0.12465E+02
0.12575E+02
0.12735E+02
0.12944E+02
0.13204E+02
0.13513E+02
0.13871E+02
0.14277E+02
0.14730E+02
0.15229E+02
0.15773E+02
0.16357E+02
0.16976E+02
0.17625E+02
0.18298E+02
0.18986E+02
0.19682E+02
0.20378E+02
0.21061E+02
0.21720E+02
0.22342E+02
0.22915E+02
0.23426E+02
0.23863E+02
0.24215E+02
0.24474E+02
0.24635E+02
0.24695E+02
0.24655E+02
0.24519E+02
0.24291E+02
0.23982E+02
0.23602E+02
0.23166E+02
0.22686E+02
0.22174E+02
0.21644E+02
0.21111E+02
0.20588E+02
0.20085E+02
0.19612E+02
0.19172E+02
0.18773E+02
0.18416E+02
0.18103E+02
0.17833E+02
0.17604E+02
0.17410E+02
0.17248E+02
0.17113E+02
0.17002E+02
0.16913E+02
0.16838E+02
0.16773E+02
0.16717E+02
0.16666E+02
0.16618E+02
0.16570E+02
0.16522E+02
0.16474E+02
0.16425E+02
0.16377E+02
0.16332E+02
0.16291E+02
0.16253E+02
0.16220E+02
0.16193E+02
0.16177E+02
0.16172E+02
0.16180E+02
0.16202E+02
0.16238E+02
0.16291E+02
0.16360E+02
0.16450E+02
0.16557E+02
0.16681E+02
0.16823E+02
0.16981E+02
0.17151E+02
0.17334E+02
0.17528E+02
0.17729E+02
0.17936E+02
0.18146E+02
0.18358E+02
0.18571E+02
0.18783E+02
0.18990E+02
0.19192E+02
0.19386E+02
0.19570E+02
0.19742E+02
0.19899E+02
0.20041E+02
0.20166E+02
0.20273E+02
0.20360E+02
0.20428E+02
0.20476E+02
0.20506E+02
0.20516E+02
0.20507E+02
0.20480E+02
0.20436E+02
0.20374E+02
0.20295E+02
0.20201E+02
0.20091E+02
0.19966E+02
0.19824E+02
0.19664E+02
0.19489E+02
0.19301E+02
0.19099E+02
0.18884E+02
0.18658E+02
0.18423E+02
0.18180E+02
0.17932E+02
0.17677E+02
0.17418E+02
0.17154E+02
0.16890E+02
0.16627E+02
0.16366E+02
0.16110E+02
0.15861E+02
0.15620E+02
0.15389E+02
0.15169E+02
0.14964E+02
0.14774E+02
0.14601E+02
0.14448E+02
0.14317E+02
0.14208E+02
0.14123E+02
0.14066E+02
0.14038E+02
0.14041E+02
0.14076E+02
0.14147E+02
0.14255E+02
0.14405E+02
0.14598E+02
0.14837E+02
0.15126E+02
0.15466E+02
0.15856E+02
0.16297E+02
0.16785E+02
0.17318E+02
0.17892E+02
0.18498E+02
0.19128E+02
0.19771E+02
0.20414E+02
0.21044E+02
0.21651E+02
0.22221E+02
0.22741E+02
0.23199E+02
0.23583E+02
0.23888E+02
0.24108E+02
0.24238E+02
0.24280E+02
0.24236E+02
0.24111E+02
0.23914E+02
0.23651E+02
0.23332E+02
0.22971E+02
0.22578E+02
0.22162E+02
0.21733E+02
0.21300E+02
0.20870E+02
0.20449E+02
0.20044E+02
0.19656E+02
0.19288E+02
0.18941E+02
0.18615E+02
0.18309E+02
0.18023E+02
0.17755E+02
0.17505E+02
0.17271E+02
0.17054E+02
0.16854E+02
0.16670E+02
0.16500E+02
0.16346E+02
0.16206E+02
0.16080E+02
0.15967E+02
0.15867E+02
0.15778E+02
0.15699E+02
0.15631E+02
0.15575E+02
0.15531E+02
0.15498E+02
0.15476E+02
0.15468E+02
0.15472E+02
0.15491E+02
0.15523E+02
0.15570E+02
0.15635E+02
0.15719E+02
0.15821E+02
0.15944E+02
0.16089E+02
0.16257E+02
0.16447E+02
0.16658E+02
0.16889E+02
0.17139E+02
0.17407E+02
0.17690E+02
0.17987E+02
0.18295E+02
0.18609E+02
0.18925E+02
0.19238E+02
0.19544E+02
0.19835E+02
0.20108E+02
0.20355E+02
0.20572E+02
0.20755E+02
0.20904E+02
0.21014E+02
0.21082E+02
0.21107E+02
0.21087E+02
0.21022E+02
0.20917E+02
0.20771E+02
0.20589E+02
0.20375E+02
0.20130E+02
0.19860E+02
0.19566E+02
0.19253E+02
0.18925E+02
0.18587E+02
0.18243E+02
0.17899E+02
0.17555E+02
0.17216E+02
0.16887E+02
0.16570E+02
0.16267E+02
0.15982E+02
0.15718E+02
0.15477E+02
0.15264E+02
0.15080E+02
0.14929E+02
0.14813E+02
0.14733E+02
0.14690E+02
0.14684E+02
0.14715E+02
0.14781E+02
0.14883E+02
0.15020E+02
0.15192E+02
0.15400E+02
0.15640E+02
0.15912E+02
0.16212E+02
0.16539E+02
0.16889E+02
0.17260E+02
0.17647E+02
0.18047E+02
0.18455E+02
0.18864E+02
0.19267E+02
0.19660E+02
0.20039E+02
0.20397E+02
0.20732E+02
0.21039E+02
0.21314E+02
0.21552E+02
0.21749E+02
0.21901E+02
0.22011E+02
0.22076E+02
0.22099E+02
0.22080E+02
0.22020E+02
0.21921E+02
0.21786E+02
0.21617E+02
0.21421E+02
0.21199E+02
0.20953E+02
0.20690E+02
0.20414E+02
0.20126E+02
0.19831E+02
0.19532E+02
0.19235E+02
0.18943E+02
0.18655E+02
0.18373E+02
0.18100E+02
0.17835E+02
0.17581E+02
0.17338E+02
0.17104E+02
0.16882E+02
0.16671E+02
0.16475E+02
0.16293E+02
0.16125E+02
0.15973E+02
0.15837E+02
0.15717E+02
0.15613E+02
0.15525E+02
0.15455E+02
0.15403E+02
0.15367E+02
0.15348E+02
0.15349E+02
0.15370E+02
0.15410E+02
0.15472E+02
0.15556E+02
0.15661E+02
0.15789E+02
0.15938E+02
0.16111E+02
0.16310E+02
0.16533E+02
0.16780E+02
0.17051E+02
0.17344E+02
0.17658E+02
0.17992E+02
0.18343E+02
0.18708E+02
0.19084E+02
0.19465E+02
0.19843E+02
0.20210E+02
0.20557E+02
0.20879E+02
0.21168E+02
0.21418E+02
0.21623E+02
0.21778E+02
0.21876E+02
0.21914E+02
0.21890E+02
0.21805E+02
0.21657E+02
0.21450E+02
0.21189E+02
0.20882E+02
0.20535E+02
0.20155E+02
0.19750E+02
0.19325E+02
0.18885E+02
0.18439E+02
0.17997E+02
0.17564E+02
0.17145E+02
0.16745E+02
0.16368E+02
0.16017E+02
0.15695E+02
0.15405E+02
0.15149E+02
0.14929E+02
0.14747E+02
0.14606E+02
0.14506E+02
0.14450E+02
0.14441E+02
0.14478E+02
0.14562E+02
0.14694E+02
0.14875E+02
0.15106E+02
0.15387E+02
0.15715E+02
0.16093E+02
0.16518E+02
0.16988E+02
0.17498E+02
0.18043E+02
0.18619E+02
0.19217E+02
0.19829E+02
0.20446E+02
0.21055E+02
0.21643E+02
0.22198E+02
0.22704E+02
0.23150E+02
0.23522E+02
0.23811E+02
0.24008E+02
0.24105E+02
0.24102E+02
0.23998E+02
0.23797E+02
0.23504E+02
0.23123E+02
0.22667E+02
0.22145E+02
0.21572E+02
0.20960E+02
0.20320E+02
0.19667E+02
0.19011E+02
0.18363E+02
0.17734E+02
0.17131E+02
0.16562E+02
0.16034E+02
0.15551E+02
0.15119E+02
0.14740E+02
0.14417E+02
0.14153E+02
0.13947E+02
0.13799E+02
0.13710E+02
0.13679E+02
0.13705E+02
