   1  48   1   0  0.1728187E+02  0.3000000E+04
  CAR 
 Ir-Ru                                   
   0   0   0
   1   1
 256 256 256
 256
  0.1000000E-09
  0.6250000E-11
   6
  0.3000000E-14  0.8946086E-09  0.8015611E-09  0.1275295E-08
  0.2630005E+04  0.2630005E+04
  0.000
  0.000
  0.000
  0.000
  0.000
  0.000
  0.000
  0.000
  0.000
  0.000
  0.000
  0.000
  0.000
  0.000
  0.000
  0.000
  0.000
  0.000
  0.000
  0.000
  0.000
  0.000
  0.000
  0.000
  0.000
  0.000
  0.000
  0.000
  0.000
  0.000
  0.000
  0.000
  0.000
  0.000
  0.010
  0.085
  0.287
  0.691
  1.316
  1.912
  2.372
  2.577
  2.534
  2.547
  2.252
  1.986
  1.733
  1.462
  1.254
  1.095
  0.964
  0.884
  0.780
  0.697
  0.699
  0.697
  0.646
  0.661
  0.693
  0.679
  0.733
  0.703
  0.733
  0.701
  0.715
  0.738
  0.820
  0.841
  0.842
  0.904
  1.008
  1.003
  1.063
  1.066
  1.085
  1.127
  1.117
  1.104
  1.175
  1.159
  1.188
  1.185
  1.109
  1.150
  1.134
  1.103
  1.100
  1.078
  1.040
  0.986
  0.963
  0.960
  0.931
  0.891
  0.883
  0.872
  0.889
  0.875
  0.886
  0.909
  0.906
  0.953
  0.935
  0.955
  0.977
  0.983
  0.964
  0.994
  1.008
  0.998
  0.993
  0.987
  1.003
  1.022
  1.008
  1.001
  1.026
  1.001
  1.006
  1.002
  0.991
  1.005
  0.975
  0.975
  0.960
  0.984
  0.976
  0.957
  0.946
  0.945
  0.934
  0.944
  0.933
  0.931
  0.915
  0.914
  0.917
  0.931
  0.945
  0.957
  0.953
  0.958
  0.948
  0.958
  0.962
  0.964
  0.948
  0.972
  0.973
  0.976
  0.962
  0.981
  0.960
  0.962
  0.984
  0.972
  0.973
  0.984
  1.009
  1.015
  1.008
  1.012
  1.023
  1.017
  0.999
  0.985
  0.993
  1.002
  1.000
  0.991
  0.994
  0.978
  0.986
  0.978
  0.979
  0.988
  0.988
  0.968
  0.966
  0.959
  0.961
  0.952
  0.959
  0.955
  0.958
  0.948
  0.952
  0.969
  0.947
  0.957
  0.949
  0.950
  0.959
  0.956
  0.960
  0.957
  0.949
  0.978
  0.970
  0.969
  0.966
  0.955
  0.960
  0.959
  0.975
  0.969
  0.979
  0.983
  0.973
  0.980
  0.969
  0.982
  0.977
  0.975
  0.976
  0.976
  0.975
  0.982
  0.968
  0.956
  0.958
  0.966
  0.957
  0.973
  0.978
  0.981
  0.970
  0.973
  0.971
  0.966
  0.964
  0.980
  0.968
  0.998
  0.978
  0.977
  0.987
  0.983
  0.984
  0.974
  0.977
  0.970
  0.960
  0.973
  0.974
  0.972
  0.974
  0.966
  0.968
  0.969
  0.965
  0.968
  0.958
  0.968
  0.958
  0.964
  0.2839918E+04  0.2839918E+04
  0.000
  0.000
  0.000
  0.000
  0.000
  0.000
  0.000
  0.000
  0.000
  0.000
  0.000
  0.000
  0.000
  0.000
  0.000
  0.000
  0.000
  0.000
  0.000
  0.000
  0.000
  0.000
  0.000
  0.000
  0.000
  0.000
  0.000
  0.000
  0.000
  0.000
  0.000
  0.000
  0.000
  0.003
  0.012
  0.093
  0.310
  0.694
  1.228
  1.765
  2.292
  2.672
  2.735
  2.523
  2.306
  2.117
  1.729
  1.450
  1.247
  1.133
  1.012
  0.944
  0.853
  0.759
  0.702
  0.718
  0.642
  0.675
  0.660
  0.659
  0.622
  0.641
  0.609
  0.670
  0.708
  0.736
  0.757
  0.818
  0.839
  0.894
  0.941
  0.958
  1.036
  1.095
  1.127
  1.171
  1.211
  1.183
  1.210
  1.219
  1.213
  1.225
  1.214
  1.236
  1.161
  1.163
  1.090
  1.065
  1.041
  1.008
  0.998
  0.963
  0.915
  0.889
  0.842
  0.841
  0.837
  0.812
  0.808
  0.826
  0.845
  0.871
  0.880
  0.894
  0.902
  0.919
  0.925
  0.958
  0.971
  1.014
  1.011
  1.071
  1.086
  1.092
  1.097
  1.110
  1.082
  1.057
  1.062
  1.009
  0.997
  0.983
  0.980
  0.984
  0.992
  0.966
  0.956
  0.956
  0.951
  0.935
  0.949
  0.944
  0.935
  0.930
  0.925
  0.906
  0.894
  0.906
  0.936
  0.927
  0.925
  0.941
  0.946
  0.946
  0.968
  0.975
  1.009
  1.030
  1.037
  1.027
  1.017
  1.014
  1.028
  1.025
  1.025
  1.034
  1.019
  1.001
  1.003
  0.991
  0.992
  0.998
  0.992
  0.995
  0.977
  0.957
  0.971
  0.955
  0.956
  0.951
  0.957
  0.966
  0.955
  0.949
  0.937
  0.960
  0.967
  0.966
  0.953
  0.949
  0.959
  0.981
  0.975
  0.977
  0.982
  0.987
  0.980
  1.002
  0.991
  1.006
  1.001
  1.001
  0.998
  0.998
  1.001
  0.978
  0.980
  0.987
  0.973
  0.957
  0.972
  0.962
  0.952
  0.949
  0.957
  0.949
  0.942
  0.949
  0.959
  0.957
  0.952
  0.947
  0.952
  0.950
  0.968
  0.972
  0.966
  0.953
  0.962
  0.959
  0.978
  0.976
  0.973
  0.970
  0.968
  0.966
  0.971
  0.983
  0.988
  0.977
  0.987
  0.973
  0.981
  0.981
  0.977
  0.978
  0.973
  0.968
  0.962
  0.962
  0.946
  0.951
  0.952
  0.959
  0.952
  0.955
  0.964
  0.964
  0.949
  0.962
  0.966
  0.966
  0.967
  0.989
  0.994
  0.990
  0.3282066E+04  0.3282066E+04
  0.000
  0.000
  0.000
  0.000
  0.000
  0.000
  0.000
  0.000
  0.000
  0.000
  0.000
  0.000
  0.000
  0.000
  0.000
  0.000
  0.000
  0.000
  0.000
  0.000
  0.000
  0.000
  0.000
  0.000
  0.000
  0.000
  0.000
  0.000
  0.000
  0.000
  0.000
  0.000
  0.003
  0.018
  0.035
  0.158
  0.424
  0.814
  1.432
  1.906
  2.224
  2.532
  2.625
  2.536
  2.345
  1.970
  1.736
  1.469
  1.251
  1.181
  1.026
  0.876
  0.867
  0.771
  0.765
  0.681
  0.672
  0.635
  0.662
  0.683
  0.707
  0.715
  0.710
  0.709
  0.734
  0.776
  0.828
  0.859
  0.935
  0.912
  0.946
  0.990
  1.038
  1.114
  1.087
  1.128
  1.146
  1.185
  1.187
  1.223
  1.279
  1.268
  1.261
  1.212
  1.166
  1.122
  1.100
  1.077
  1.026
  1.004
  0.977
  0.939
  0.936
  0.927
  0.910
  0.853
  0.865
  0.864
  0.859
  0.870
  0.859
  0.871
  0.903
  0.930
  0.894
  0.913
  0.939
  0.954
  0.986
  1.018
  1.028
  1.054
  1.060
  1.031
  1.026
  1.048
  1.055
  1.082
  1.093
  1.051
  1.019
  1.018
  1.008
  0.997
  1.003
  1.017
  1.005
  1.001
  0.985
  0.977
  0.985
  0.994
  1.001
  0.970
  0.933
  0.925
  0.964
  0.966
  0.972
  0.967
  0.980
  0.982
  1.013
  1.029
  1.016
  1.014
  1.014
  1.043
  1.009
  1.019
  1.030
  1.014
  1.009
  1.015
  1.000
  0.975
  0.990
  1.004
  1.005
  0.983
  0.975
  0.958
  0.968
  0.966
  0.975
  0.979
  0.964
  0.966
  0.965
  0.976
  0.991
  0.989
  1.009
  1.011
  1.009
  0.999
  0.987
  0.985
  0.996
  0.998
  0.977
  1.002
  1.003
  1.011
  1.021
  1.019
  1.015
  1.014
  1.018
  1.002
  1.007
  1.016
  1.014
  0.999
  1.013
  1.008
  0.991
  0.994
  0.995
  0.986
  0.984
  0.978
  0.967
  0.975
  0.971
  0.979
  0.984
  0.990
  0.982
  0.974
  0.977
  0.982
  0.978
  0.967
  0.972
  0.990
  0.997
  0.984
  0.971
  0.968
  0.970
  0.970
  0.972
  0.977
  0.976
  0.985
  0.982
  0.982
  0.990
  0.988
  0.993
  0.976
  0.967
  0.974
  0.990
  0.978
  0.980
  0.970
  0.970
  0.974
  0.979
  0.976
  0.989
  0.983
  0.981
  0.992
  0.985
  0.988
  0.984
  0.987
  0.995
  0.990
  0.989
  0.998
  1.008
  1.007
