-68.24
-69.54
-71.05
-72.46
-73.82
-74.73
-75.41
-76.00
-76.31
-76.68
-77.16
-77.22
-77.25
-77.46
-77.44
-77.42
-77.26
-77.13
-76.91
-76.38
-76.14
-75.62
-75.21
-74.76
-74.31
-73.92
-73.49
-72.76
-71.87
-71.27
-70.38
-69.51
-68.50
-67.37
-66.27
-64.84
-63.93
-62.76
-61.56
-60.28
-58.65
-57.33
-55.75
-54.10
-52.95
-51.20
-49.72
-48.01
-46.48
-44.53
-42.67
-40.73
-38.68
-37.03
-34.87
-33.20
-31.18
-29.90
-28.13
-26.21
-24.20
-22.57
-21.32
-19.72
-18.19
-16.67
-15.48
-14.50
-13.45
-12.60
-11.32
-10.65
-10.12
-9.63
-9.17
-8.64
-8.74
-8.16
-8.01
-8.02
-8.20
-8.08
-8.31
-8.18
-8.45
-8.65
-8.63
-8.38
-8.10
-8.01
-7.97
-7.64
-7.28
-6.48
-6.38
-5.58
-5.40
-4.71
-4.24
-3.99
-3.20
-2.39
-1.84
-1.26
-0.84
-0.40
0.16
0.35
0.36
0.39
0.45
0.10
0.00
-0.02
-0.42
-0.68
-0.99
-1.46
-1.75
-1.90
-1.80
-2.00
-1.90
-1.80
-1.69
-2.16
-1.88
-1.72
-1.26
-0.75
0.08
0.88
2.11
3.31
4.62
5.99
7.17
8.63
10.34
11.91
13.68
15.64
17.60
19.17
21.04
22.93
24.58
26.44
28.10
29.73
31.07
32.50
33.81
35.40
36.40
37.54
38.90
39.76
40.66
41.71
42.50
43.45
44.28
45.23
45.51
45.73
46.03
46.39
46.52
46.57
46.53
46.44
46.40
46.19
45.81
45.21
44.71
43.92
43.14
42.31
41.37
40.73
39.46
38.20
36.94
35.65
34.03
32.52
30.98
29.58
28.07
26.40
25.00
23.48
21.90
20.49
19.07
17.54
16.41
14.78
13.35
11.93
10.55
9.76
8.67
7.65
6.74
5.75
4.73
4.15
3.08
2.18
1.12
0.24
-0.60
-1.24
-1.92
-2.92
-3.61
-4.30
-4.79
-5.26
-5.63
-6.01
-6.38
-6.73
-7.36
-7.35
-7.38
-7.51
-7.65
-7.80
-7.38
-7.05
-6.74
-6.56
-6.29
-6.02
-5.43
-5.21
-4.47
-4.10
-3.59
-3.08
-2.33
-1.71
-0.89
0.31
1.54
2.51
3.61
4.24
5.33
6.32
7.37
8.94
10.41
11.68
13.15
15.10
16.57
17.66
18.82
20.02
21.36
22.34
23.35
24.28
24.60
24.82
24.82
24.77
24.80
24.21
23.70
22.70
22.02
20.58
19.12
17.34
15.59
13.78
11.59
9.45
7.45
5.40
3.46
1.09
-1.06
-3.10
-5.06
-7.18
-9.27
-11.23
-13.62
-15.51
-17.08
-18.81
-20.77
-22.28
-23.95
-25.61
-27.29
-28.67
-30.03
-31.86
-32.86
-34.32
-35.23
-36.32
-37.35
-38.12
-39.09
-39.68
-40.44
-41.06
-41.72
-42.60
-43.70
-44.49
-44.67
-44.87
-45.13
-45.46
-45.80
-45.91
-46.38
-46.39
-46.11
-45.71
-45.50
-44.80
-43.87
-42.86
-42.16
-41.06
-39.69
-38.09
-36.76
-35.28
-33.47
-31.68
-29.68
-27.46
-25.44
-23.12
-21.26
-19.07
-16.78
-14.53
-12.33
-10.20
-8.30
-6.52
-5.01
-3.49
-2.11
-0.74
0.03
0.95
1.74
1.77
1.95
1.70
1.56
1.34
1.09
0.84
0.22
-0.61
-1.66
-2.24
-3.28
-4.03
-4.95
-5.91
-7.28
-8.05
-8.62
-9.50
-10.12
-10.58
-10.45
-11.12
-11.39
-11.79
-12.10
-12.45
-13.17
-13.66
-13.93
-14.13
-14.51
-14.76
-14.92
-15.30
-15.27
-15.29
-15.12
-15.15
-14.84
-14.85
-14.85
-14.89
-14.93
-14.66
-14.15
-13.89
-13.32
-12.73
-12.29
-11.74
-11.13
-10.62
-9.71
-8.88
-8.11
-7.23
-6.14
-5.15
-4.22
-2.96
-1.66
-0.39
0.92
2.18
3.51
4.64
5.42
6.39
7.24
8.17
8.66
9.42
10.09
10.32
10.46
10.67
10.50
10.25
10.07
9.60
9.31
8.88
8.06
6.95
6.28
5.68
4.67
3.81
2.74
2.14
0.98
-0.12
-1.15
-1.92
-3.01
-4.18
-5.02
-5.90
-7.07
-8.13
-8.90
-9.91
-10.87
-11.57
-12.52
-13.28
-13.88
-14.50
-14.98
-15.73
-16.21
-16.73
-17.20
-17.69
-17.93
-18.03
-17.71
-17.37
-17.14
-16.88
-16.72
-16.01
-14.98
-14.22
-13.31
-12.20
-11.02
-9.76
-8.86
-7.36
-6.01
-4.48
-3.19
-1.70
-0.08
1.22
2.51
4.04
5.03
6.56
7.86
8.96
9.95
10.74
11.40
12.18
12.74
13.28
13.80
13.86
13.80
13.84
13.84
13.53
13.43
13.09
12.58
12.29
11.80
11.10
10.63
9.92
9.40
8.77
8.52
8.05
7.10
6.40
5.61
4.95
4.51
3.94
3.19
2.44
2.18
1.59
1.20
0.60
-0.26
-1.02
-1.88
-2.84
-3.99
-5.33
-6.95
-8.12
-9.57
-11.48
-13.37
-15.33
-17.25
-19.23
-21.39
-23.64
-25.78
-27.64
-29.78
-31.46
-33.17
-34.99
-36.51
-37.87
-39.09
-39.96
-40.75
-41.19
-41.41
-41.27
-41.02
-40.78
-40.08
-39.30
-38.33
-37.31
-35.85
-34.36
-32.68
-30.81
-29.21
-27.02
-25.33
-23.43
-21.41
-19.49
-17.86
-15.73
-13.68
-12.09
-10.32
-8.67
-7.06
-5.63
-4.47
-3.28
-2.32
-1.61
-0.87
-0.50
0.02
0.04
0.62
0.70
0.88
0.95
0.55
0.33
0.35
0.04
0.13
0.05
-0.48
-0.42
-0.18
-0.22
0.10
0.33
1.07
1.52
2.16
2.68
3.43
4.08
4.95
5.63
6.47
7.38
8.32
9.19
10.14
11.36
12.31
12.90
13.30
13.91
14.27
14.36
14.61
14.62
14.39
14.44
13.97
13.64
13.21
12.62
11.82
11.32
10.90
10.36
9.50
8.76
8.07
7.21
7.17
6.63
5.99
5.56
5.42
4.72
4.80
4.56
4.65
5.00
5.58
6.35
6.86
7.33
8.21
8.94
9.91
10.72
11.34
11.98
13.04
13.94
14.86
15.86
16.87
17.52
17.91
18.36
18.71
18.92
19.12
19.06
18.53
18.51
18.13
17.76
17.23
16.78
16.05
15.31
14.60
13.80
12.95
12.31
11.30
10.74
9.86
9.15
8.88
8.16
7.59
7.04
6.55
6.21
6.18
5.95
5.89
6.14
5.88
5.81
5.81
5.73
5.47
5.51
5.38
5.28
5.22
5.26
5.30
4.79
4.57
4.30
4.10
3.36
2.78
2.59
2.03
1.73
1.14
0.69
0.49
0.29
0.02
-0.15
-0.23
-0.82
-1.05
-0.94
-1.13
-1.26
-1.45
-1.56
-1.40
-1.44
-1.42
-1.22
-0.96
-1.08
-1.00
-0.46
0.05
0.26
0.48
0.68
0.54
0.73
1.26
1.34
1.61
1.66
2.27
2.70
3.43
3.94
4.64
5.25
5.89
6.79
7.16
7.73
8.02
8.53
9.10
9.59
9.94
10.46
10.99
11.25
11.34
11.72
11.79
11.84
12.13
12.12
12.23
12.21
12.44
12.63
12.90
13.42
14.04
15.07
15.96
17.06
17.91
19.20
20.25
21.47
22.75
24.30
25.77
27.13
28.64
30.00
31.20
32.72
33.95
35.06
35.66
36.17
36.75
37.26
37.01
36.82
36.34
35.71
34.70
33.51
32.26
30.71
28.65
26.40
24.31
21.74
19.02
16.58
13.65
11.03
8.80
6.39
4.05
1.99
-0.40
-2.55
-4.64
-6.52
-8.56
-10.34
-11.94
-13.45
-14.91
-16.14
-16.97
-17.94
-19.03
-19.48
-20.05
-20.53
-21.16
-21.70
-22.01
-22.85
-23.88
-24.93
-25.94
-26.68
-27.52
-28.51
-29.64
-31.09
-32.33
-33.42
-34.96
-36.14
-37.30
-38.44
-39.68
-40.86
-41.81
-42.95
-43.69
-44.50
-45.29
-45.68
-46.29
-46.61
-46.37
-46.42
-46.21
-45.67
-44.86
-44.19
-43.51
-42.46
-41.28
-40.36
-39.18
-38.33
-37.18
-35.88
-34.68
-33.03
-31.71
-30.05
-28.35
-26.81
-25.41
-23.83
-22.01
-20.33
-18.35
-16.50
-14.70
-12.89
-10.79
-8.98
-6.61
-4.34
-2.29
-0.00
2.17
4.62
7.02
9.53
12.04
14.15
16.88
19.63
22.28
24.66
26.90
29.00
30.87
32.66
34.43
35.88
37.20
38.53
39.32
40.47
41.30
41.79
42.16
42.58
42.72
42.26
42.16
41.45
40.78
40.41
40.05
39.24
38.29
37.11
35.62
33.87
32.66
31.17
29.65
28.37
26.93
25.37
23.87
22.33
21.32
19.40
17.67
16.06
14.47
13.24
12.02
10.43
8.70
6.99
5.81
4.37
3.15
1.75
0.34
-0.28
-1.25
-1.89
-2.55
-3.36
-3.59
-3.72
-4.07
-4.24
-4.21
-4.17
-3.92
-3.59
-3.24
-2.44
-1.80
-0.99
-0.43
0.70
1.58
2.51
3.60
4.66
6.01
6.94
7.87
9.06
10.02
11.11
12.15
13.39
14.34
15.29
16.09
17.07
17.95
19.39
20.58
21.98
23.15
24.10
24.93
25.95
26.98
28.12
29.43
30.01
30.75
31.55
32.12
32.78
33.29
33.88
34.50
34.43
34.68
34.51
34.41
33.98
33.32
32.57
31.88
31.17
30.05
29.05
28.20
27.20
26.26
25.31
24.30
23.30
22.32
21.62
20.50
19.37
18.45
17.62
16.71
15.76
15.05
13.76
12.73
11.96
10.99
10.12
9.12
8.40
7.53
6.18
5.20
4.73
4.18
3.30
2.63
2.17
1.64
1.21
1.06
0.28
-0.05
-0.52
-0.88
-0.98
-1.11
-1.03
-1.02
-1.22
-1.27
-1.63
-1.63
-1.75
-1.44
-1.41
-1.55
-1.54
-1.99
-2.02
-2.45
-3.13
-3.03
-3.41
-3.76
-4.15
-4.36
-4.44
-4.74
-5.05
-5.12
-5.38
-5.61
-5.65
-5.22
-5.32
-5.18
-5.04
-4.88
-4.73
-4.24
-4.03
-3.25
-2.86
-2.07
-1.11
-0.22
0.66
1.54
2.41
3.19
4.00
4.87
5.81
7.16
8.22
9.26
10.29
11.60
12.68
13.79
15.30
16.51
17.66
18.86
20.19
21.54
22.82
23.79
24.93
25.76
26.86
28.09
28.39
29.24
30.00
30.21
30.55
30.72
31.29
31.64
31.70
31.56
31.69
31.90
32.11
31.98
32.17
32.18
32.29
32.28
32.69
33.20
33.33
33.82
34.41
34.67
34.97
35.55
35.75
36.24
37.06
37.64
37.94
38.35
38.88
39.17
40.09
40.55
41.48
41.91
42.37
42.81
43.05
43.67
44.44
44.66
44.71
44.88
44.96
45.01
45.03
44.64
44.55
44.43
43.88
43.39
42.65
41.71
41.03
40.15
39.18
38.58
37.83
36.65
35.40
34.52
33.59
32.43
31.43
29.79
28.35
27.40
26.36
25.05
23.56
22.18
20.42
18.79
17.30
15.68
14.21
12.52
10.88
9.21
7.32
5.80
4.06
2.62
0.76
-0.64
-2.25
-3.47
-4.89
-6.15
-7.50
-8.97
-10.02
-10.83
-12.02
-12.57
-13.58
-14.17
-14.13
-14.69
-14.91
-15.09
-15.24
-15.08
-15.03
-14.94
-14.52
-14.21
-13.74
-13.01
-12.33
-11.90
-11.65
-10.79
-10.38
-9.57
-8.82
-7.88
-7.03
-6.33
-5.41
-4.77
-3.96
-3.19
-2.17
-1.18
-0.11
1.00
2.50
3.72
5.18
6.86
8.34
9.70
11.54
13.06
14.63
16.16
17.80
19.88
21.70
23.45
25.01
26.34
27.54
28.70
29.81
30.81
31.17
31.46
31.93
32.32
32.57
32.59
32.06
31.13
30.14
28.91
27.74
26.29
24.85
23.45
21.83
19.97
18.23
16.60
14.60
12.50
10.83
8.97
7.05
5.28
3.65
1.85
0.19
-1.11
-2.45
-3.92
-5.44
-7.11
-8.47
-9.67
-10.69
-11.64
-12.59
-13.64
-14.24
-15.11
-16.23
-16.96
-17.70
-17.97
-18.66
-19.59
-20.14
-20.65
-20.88
-21.06
-21.40
-21.37
-21.08
-20.63
-20.16
-19.96
-19.33
-18.39
-17.27
-16.32
-15.55
-14.17
-12.87
-11.29
-9.59
-7.69
-6.03
-4.14
-1.98
-0.07
2.18
4.49
6.85
9.28
11.51
13.74
15.70
18.25
20.41
22.52
24.70
26.79
28.75
30.81
32.39
34.04
35.55
37.08
38.37
39.88
41.09
42.31
43.15
43.85
44.65
45.60
46.32
47.25
47.81
48.23
48.58
48.43
48.29
47.85
47.45
46.86
46.19
45.38
44.65
43.43
42.09
40.74
39.21
37.20
35.44
33.46
31.35
29.23
26.70
24.31
21.58
19.29
16.92
13.98
11.43
8.55
5.71
3.18
0.74
-1.89
-4.32
-6.79
-9.27
-11.19
-12.83
-14.40
-16.02
-16.99
-18.37
-19.20
-20.00
-20.29
-20.46
-21.03
-20.94
-21.00
-20.63
-20.40
-19.70
-18.72
-18.02
-17.28
-15.87
-14.70
-13.09
-12.02
-10.56
-8.98
-7.79
-6.24
-4.94
-3.56
-2.05
-0.74
0.62
2.19
3.22
4.27
5.22
5.83
6.44
7.10
7.85
8.12
8.18
8.74
8.62
8.43
8.49
8.41
8.32
8.20
8.09
8.11
7.83
7.53
7.39
7.41
7.42
7.48
7.41
7.60
7.65
7.56
7.59
7.86
7.76
7.91
7.65
7.35
7.19
7.01
6.97
6.80
6.63
6.35
5.93
5.68
5.44
4.91
4.78
4.44
3.93
3.50
3.02
2.75
2.31
1.79
1.44
0.96
0.85
0.51
-0.03
-0.19
-0.28
-0.14
-0.10
0.04
0.56
0.79
1.20
1.73
2.04
2.47
3.57
4.44
5.39
6.92
8.09
9.67
11.35
13.14
14.51
16.24
18.21
20.20
22.26
23.95
25.93
27.65
29.65
31.62
32.85
34.31
35.50
36.46
37.46
37.79
38.21
38.57
38.63
38.56
38.08
37.38
36.59
34.94
33.57
32.26
30.43
28.88
27.02
25.37
23.67
21.58
19.47
17.75
15.48
13.62
11.59
10.10
8.15
6.42
5.04
3.84
2.45
1.15
-0.17
-1.38
-2.58
-3.87
-4.91
-5.74
-6.30
-7.02
-7.90
-8.99
-9.56
-10.68
-11.69
-12.22
-12.79
-13.77
-14.35
-15.30
-15.72
-16.58
-17.05
-17.65
-18.11
-18.70
-19.29
-19.97
-20.41
-20.87
-20.96
-21.44
-21.44
-21.40
-21.40
-21.47
-21.13
-21.05
-20.94
-20.58
-20.40
-19.87
-19.54
-19.10
-18.42
-18.16
-17.66
-16.76
-16.17
-15.20
-14.65
-13.70
-13.28
-12.44
-11.43
-10.73
-9.87
-9.54
-9.11
-8.66
-8.00
-7.30
-6.85
-6.36
-5.50
-4.74
-4.29
-3.63
-3.03
-2.16
-1.71
-1.10
-0.74
-0.15
0.40
0.77
1.11
1.58
2.06
2.25
2.66
2.92
2.94
3.61
3.85
3.93
4.04
4.62
4.85
5.59
5.90
6.68
7.25
7.81
8.36
9.41
9.96
11.20
12.19
13.47
14.79
15.98
17.24
18.73
20.54
21.93
23.62
25.14
26.55
28.23
29.55
31.00
32.10
33.15
33.96
34.85
35.58
36.39
36.80
37.47
37.88
38.16
38.18
38.07
38.28
37.86
37.57
37.25
37.24
37.23
36.74
36.41
36.04
35.92
35.55
35.54
35.27
35.48
35.32
35.48
35.87
36.36
36.64
36.51
36.78
37.16
37.53
37.42
37.42
37.37
36.96
36.80
36.44
35.66
34.78
33.67
32.23
30.98
29.25
27.52
25.73
23.66
21.56
19.69
17.89
16.00
13.82
12.00
10.21
8.93
7.62
6.70
5.34
4.17
3.15
2.00
1.20
0.57
-0.13
-0.71
-1.38
-2.18
-2.89
-3.73
-4.91
-5.88
-6.77
-7.66
-8.86
-9.82
-11.54
-12.70
-14.21
-15.57
-16.96
-18.56
-19.98
-21.32
-22.63
-24.10
-25.68
-27.02
-28.53
-30.13
-31.36
-32.78
-34.40
-35.53
-36.46
-37.38
-38.02
-38.50
-39.29
-39.78
-40.37
-40.93
-41.26
-41.59
-41.55
-41.64
-41.51
-41.45
-41.43
-40.97
-40.62
-40.24
-39.98
-39.49
-39.24
-38.89
-38.40
-37.77
-37.06
-36.48
-35.76
-35.04
-34.65
-33.99
-33.12
-32.48
-31.77
-31.10
-30.22
-29.52
-28.75
-28.24
-27.96
-27.45
-26.59
-25.87
-25.55
-25.16
-24.74
-24.41
-23.74
-23.13
-22.56
-22.09
-21.43
-21.24
-20.79
-20.60
-19.93
-19.46
-19.06
-18.51
-18.18
-17.87
-17.35
-16.81
-16.60
-16.03
-15.62
-15.28
-14.85
-14.44
-13.93
-13.50
-13.09
-12.22
-11.60
-11.11
-10.73
-10.06
-9.80
-9.55
-9.32
-8.85
-8.37
-8.21
-7.92
-7.79
-7.49
-7.16
-6.91
-6.89
-6.93
-6.86
-6.96
-7.15
-7.30
-7.72
-7.81
-8.05
-8.35
-9.22
-9.62
-9.83
-10.50
-10.67
-10.98
-11.35
-11.27
-11.91
-11.94
-11.63
-11.66
-11.47
-11.40
-10.97
-10.71
-10.33
-9.93
-9.59
-9.29
-8.97
-8.46
-7.99
-7.41
-6.93
-6.51
-6.08
-5.77
-5.28
-4.67
-4.32
-4.05
-3.57
-3.37
-2.94
-3.06
-2.75
-2.38
-1.92
-1.47
-1.23
-0.71
-0.44
0.02
0.25
0.76
1.36
2.08
2.96
3.94
4.87
6.00
6.79
7.89
9.02
10.03
11.39
12.56
13.60
14.78
15.69
16.73
18.07
18.79
19.93
21.12
21.97
22.35
22.94
22.97
22.88
22.75
22.56
21.86
21.27
20.21
19.34
18.20
17.38
15.93
14.77
13.51
12.23
10.84
9.84
8.61
7.46
6.58
5.77
5.08
4.27
3.30
3.03
2.85
2.73
3.31
2.95
2.95
2.89
3.18
3.76
4.07
4.25
4.53
4.54
4.66
4.61
4.72
4.63
4.74
4.48
4.16
3.74
3.26
2.71
2.06
1.49
0.67
0.01
-0.81
-1.53
-2.32
-3.35
-4.47
-5.44
-6.06
-6.91
-7.82
-8.63
-8.81
-9.08
-8.98
-9.09
-8.67
-8.22
-7.66
-7.04
-6.39
-5.73
-5.17
-4.27
-3.52
-2.62
-1.77
-0.93
-0.07
0.65
1.25
1.76
2.66
3.06
3.48
3.80
3.77
3.53
3.83
3.98
3.45
2.89
2.33
1.78
0.63
-0.21
-0.69
-1.58
-2.28
-3.42
-4.37
-5.53
-6.79
-7.74
-8.77
-9.81
-10.53
-11.46
-12.19
-12.57
-12.80
-12.96
-12.91
-13.02
-12.67
-12.28
-11.80
-11.39
-10.56
-9.34
-8.57
-7.53
-6.10
-4.75
-3.42
-2.05
-0.26
0.97
2.46
4.23
5.63
6.82
7.83
9.08
9.97
11.33
12.26
12.71
13.40
14.02
14.51
14.76
14.89
14.81
14.55
14.57
14.25
13.67
13.31
12.89
12.72
12.05
11.53
10.78
10.12
9.55
9.10
8.31
8.00
7.68
7.36
6.79
6.34
5.80
5.00
4.61
3.84
3.40
2.71
2.18
1.51
0.77
0.07
-0.70
-0.98
-1.18
-1.86
-2.58
-3.45
-4.06
-4.71
-5.20
-5.94
-6.86
-7.60
-7.98
-8.45
-8.66
-9.31
-9.49
-10.00
-10.20
-10.69
-11.17
-11.78
-11.99
-12.30
-12.70
-12.99
-13.09
-13.57
-13.91
-14.09
-14.14
-14.56
-14.96
-15.11
-15.31
-15.32
-15.44
-15.31
-15.64
-15.62
-15.71
-15.64
-15.79
-15.69
-15.85
-16.28
-16.23
-16.40
-16.91
-17.17
-17.62
-18.06
-18.84
-19.24
-19.80
-20.56
-20.84
-21.20
-21.57
-22.39
-22.52
-23.12
-23.62
-24.37
-24.97
-25.65
-25.82
-26.33
-26.37
-26.63
-26.98
-27.32
-27.71
-27.92
-28.06
-28.60
-29.21
-30.20
-30.98
-31.72
-32.71
-33.66
-34.55
-35.81
-36.83
-38.29
-39.39
-40.56
-41.81
-43.01
-44.36
-45.59
-46.88
-48.05
-49.48
-50.42
-51.39
-52.33
-52.73
-53.50
-54.03
-54.64
-55.10
-55.61
-55.35
-55.66
-55.52
-55.31
-55.04
-54.76
-54.65
-54.07
-53.39
-52.38
-51.30
-50.50
-49.32
-48.34
-47.01
-45.80
-44.43
-43.24
-42.11
-40.79
-39.29
-37.40
-36.03
-34.56
-32.78
-31.14
-29.57
-27.80
-26.01
-24.63
-22.64
-21.16
-19.60
-18.12
-16.58
-15.42
-13.90
-12.78
-11.99
-10.70
-9.45
-8.76
-7.85
-7.06
-6.40
-5.77
-5.33
-4.87
-4.61
-4.43
-4.15
-4.09
-4.16
-4.32
-4.03
-4.46
-4.70
-5.10
-4.93
-4.84
-5.30
-5.44
-5.64
-5.78
-6.06
-6.28
-6.06
-5.92
-6.05
-5.96
-5.41
-4.84
-4.51
-4.02
-3.39
-2.99
-2.54
-1.94
-1.49
-0.87
-0.67
-0.27
-0.04
0.46
0.60
1.11
0.95
0.82
0.63
0.14
-0.13
-0.36
-0.97
-1.74
-2.10
-3.06
-3.89
-4.75
-5.61
-6.32
-7.57
-8.80
-9.78
-11.01
-12.04
-13.36
-14.43
-15.83
-16.96
-18.32
-19.38
-20.56
-21.75
-22.75
-23.80
-24.93
-25.80
-26.94
-27.47
-28.24
-29.06
-29.72
-30.36
-30.98
-31.58
-32.29
-33.21
-33.62
-34.34
-34.78
-35.26
-35.78
-36.06
-36.40
-36.78
-37.03
-37.68
-37.93
-38.50
-38.90
-39.27
-39.73
-39.94
-40.43
-40.95
-41.45
-41.65
-41.82
-42.15
-42.42
-42.39
-42.19
-41.54
-40.83
-40.26
-39.38
-38.19
-36.94
-35.65
-34.07
-32.12
-30.12
-27.68
-25.37
-23.12
-20.63
-18.16
-15.59
-12.95
-10.22
-7.11
-4.14
-1.56
1.09
3.84
6.62
8.76
11.39
13.80
16.29
18.07
19.77
21.32
22.79
24.08
24.95
26.00
27.05
27.79
28.69
28.99
29.37
29.70
29.93
30.40
30.40
30.46
30.36
30.07
29.74
29.39
29.08
28.73
28.38
28.01
27.77
27.27
26.85
26.10
25.38
24.95
24.65
24.17
23.61
23.19
23.05
22.56
21.87
21.46
20.97
20.92
20.54
19.91
19.57
19.51
19.08
19.07
18.85
18.90
18.49
18.41
17.74
17.64
17.79
17.87
17.81
17.70
17.63
17.85
18.05
17.98
17.98
17.79
17.79
17.88
17.84
17.94
18.55
19.04
19.38
19.83
20.28
21.07
21.44
22.04
23.01
24.17
25.21
26.16
27.05
28.26
29.22
30.44
31.46
32.41
33.65
34.82
35.82
37.19
37.98
38.64
39.42
40.35
40.77
41.11
41.38
41.35
41.46
41.43
41.24
40.35
39.52
38.29
37.39
36.12
34.43
32.66
30.92
29.15
27.31
25.49
23.13
21.12
18.84
16.35
13.83
10.91
8.49
5.80
3.26
0.57
-2.00
-5.41
-8.38
-10.90
-13.50
-15.88
-18.13
-20.56
-22.67
-24.51
-26.12
-27.74
-29.17
-30.24
-31.30
-32.15
-32.99
-33.76
-33.98
-34.31
-34.82
-34.99
-35.04
-35.03
-35.15
-34.81
-34.65
-34.59
-34.39
-33.98
-33.42
-33.02
-32.60
-31.94
-31.27
-31.16
-30.89
-30.32
-29.83
-29.59
-29.08
-28.25
-27.48
-26.81
-25.72
-24.84
-23.71
-22.24
-20.91
-19.30
-17.72
-16.20
-14.25
-12.03
-9.71
-7.82
-5.32
-2.99
-0.36
2.37
4.74
7.14
9.45
12.04
14.34
16.36
18.27
20.23
21.87
23.34
24.49
25.47
25.96
26.44
26.38
26.20
25.76
25.18
24.10
23.35
22.26
21.15
19.69
18.39
16.73
15.28
13.94
12.54
11.01
9.26
7.84
6.51
5.44
4.16
3.13
2.21
1.51
0.68
-0.25
-0.90
-1.62
-2.32
-3.00
-3.66
-4.14
-4.56
-5.07
-5.48
-6.01
-6.50
-6.90
-7.21
-7.80
-8.35
-8.72
-9.27
-9.44
-9.95
-10.47
-10.51
-10.94
-11.42
-11.67
-12.14
-12.48
-13.17
-13.66
-14.35
-15.10
-15.76
-16.41
-16.77
-17.84
-18.74
-19.70
-20.26
-21.22
-22.04
-23.21
-24.32
-25.04
-25.86
-26.65
-27.65
-28.48
-29.12
-29.71
-30.35
-31.20
-31.78
-32.17
-32.75
-33.03
-33.19
-33.50
-33.39
-33.29
-33.09
-32.42
-32.32
-31.78
-31.30
-30.73
-29.93
-28.89
-28.13
-26.89
-25.77
-24.41
-23.33
-22.04
-20.91
-19.87
-18.59
-17.51
-16.38
-15.21
-13.85
-12.79
-11.66
-10.56
-9.80
-8.86
-8.24
-7.30
-6.31
-5.55
-4.36
-3.12
-2.35
-1.43
-0.63
0.27
1.07
1.97
3.23
4.14
5.10
6.07
6.46
7.42
8.07
8.65
9.19
9.58
9.52
9.43
9.56
9.09
8.52
7.76
6.57
5.55
4.39
2.78
1.34
-0.18
-2.39
-4.44
-6.21
-8.27
-10.38
-12.48
-14.21
-16.15
-18.12
-20.32
-22.03
-23.81
-25.10
-26.58
-28.24
-29.74
-31.14
-32.45
-33.74
-34.87
-35.89
-37.04
-37.83
-38.56
-39.03
-39.52
-40.44
-41.04
-41.49
-41.88
-42.43
-42.84
-42.67
-42.82
-43.22
-43.28
-43.47
-43.65
-44.04
-44.42
-44.70
-44.92
-45.20
-45.40
-45.45
-45.77
-46.17
-45.99
-46.04
-46.40
-46.30
-46.16
-46.35
-46.30
-46.18
-45.94
-45.56
-44.92
-44.41
-43.98
-43.47
-42.64
-41.86
-41.01
-40.00
-38.86
-37.99
-36.63
-35.40
-34.41
-33.16
-32.15
-30.98
-29.63
-28.17
-26.67
-25.56
-24.11
-22.64
-21.50
-20.15
-19.10
-17.87
-16.74
-15.88
-14.53
-13.73
-12.50
-11.83
-10.94
-10.39
-9.89
-9.34
-8.40
-7.58
-6.82
-5.79
-4.90
-4.19
-3.51
-2.34
-1.62
-0.65
0.06
1.03
2.05
2.95
3.79
4.72
5.18
5.71
6.42
6.85
7.75
8.10
8.67
8.95
9.11
9.21
9.35
9.12
9.15
9.11
8.71
8.38
8.19
8.18
7.66
7.19
6.78
5.95
5.42
4.76
4.23
3.61
3.19
2.43
2.31
1.44
1.15
0.76
0.50
0.26
-0.33
-0.81
-0.87
-0.87
-0.89
-1.06
-1.09
-0.98
-1.09
-0.91
-0.55
-0.41
-0.35
0.06
0.18
0.32
0.24
0.09
0.45
0.59
0.87
1.08
1.42
1.52
1.78
2.07
2.35
3.05
3.89
4.27
4.91
5.38
6.19
6.74
7.49
8.51
9.63
10.95
12.11
13.15
14.34
15.75
17.06
18.06
19.26
20.41
21.53
23.02
23.94
24.87
26.12
27.17
28.22
29.19
30.21
31.25
31.93
32.74
33.13
33.49
33.69
33.84
33.75
33.66
33.47
32.95
32.34
31.52
30.50
29.67
28.56
27.46
26.26
24.65
23.20
21.85
20.39
18.96
17.59
16.23
14.90
13.13
11.85
10.47
9.20
7.91
7.07
5.78
4.85
4.01
3.25
2.47
2.28
2.02
1.49
0.95
0.66
0.57
0.33
0.08
-0.32
-0.57
-0.61
-0.60
-0.54
-0.76
-1.20
-1.47
-2.18
-2.86
-3.81
-4.90
-6.07
