5.305000 0.000000 0.000000
-2.652500 4.594265 0.000000
0.000000 0.000000 4.242000
0.000000 -1.000000 0.000000
0.000000 0.000000 -2.000000
2.000000 0.000000 0.000000
0.333300 -0.333300 -0.750000 Ir
1.333300 -0.333300 -0.750000 Ru
0.333300 -0.333300 -1.750000 Ru
1.333300 -0.333300 -1.750000 Ir
0.666700 -0.666700 -0.250000 Ru
1.666700 -0.666700 -0.250000 Ir
0.666700 -0.666700 -1.250000 Ru
1.666700 -0.666700 -1.250000 Ir
0.833300 -0.333300 -0.750000 Ru
1.833300 -0.333300 -0.750000 Ir
0.833300 -0.333300 -1.750000 Ru
1.833300 -0.333300 -1.750000 Ir
0.833300 -0.833300 -0.750000 Ir
1.833300 -0.833300 -0.750000 Ru
0.833300 -0.833300 -1.750000 Ir
1.833300 -0.833300 -1.750000 Ru
0.333300 -0.833300 -0.750000 Ir
1.333300 -0.833300 -0.750000 Ru
0.333300 -0.833300 -1.750000 Ru
1.333300 -0.833300 -1.750000 Ir
0.166700 -0.666700 -0.250000 Ru
1.166700 -0.666700 -0.250000 Ru
0.166700 -0.666700 -1.250000 Ir
1.166700 -0.666700 -1.250000 Ir
0.666700 -0.166700 -0.250000 Ir
1.666700 -0.166700 -0.250000 Ru
0.666700 -0.166700 -1.250000 Ir
1.666700 -0.166700 -1.250000 Ru
0.166700 -0.166700 -0.250000 Ru
1.166700 -0.166700 -0.250000 Ru
0.166700 -0.166700 -1.250000 Ir
1.166700 -0.166700 -1.250000 Ir
